k = 0 	 ENS = 30093.167784 :  time: 0.001956 secs
k = 1 	 ENS = 22011.955824 : (666,820),  time: 0.074845 secs
k = 2 	 ENS = 15396.950641 : (666,820), (943,942),  time: 0.030440 secs
k = 3 	 ENS = 13459.634295 : (943,942), (1053,876), (1071,1072),  time: 0.349632 secs
k = 4 	 ENS = 11758.118132 : (943,691), (943,942), (1053,876), (1053,877),  time: 1.317418 secs
k = 5 	 ENS = 10591.217075 : (943,691), (943,942), (1065,653), (1053,876), (1053,877),  time: 1.423864 secs
k = 6 	 ENS = 9642.902916 : (943,691), (603,1057), (943,942), (1065,653), (1053,876), (1053,877),  time: 1.491782 secs
k = 7 	 ENS = 8960.763063 : (1143,1107), (1143,1127), (603,1057), (943,942), (1115,1116), (1065,653), (1053,877),  time: 8.430903 secs
k = 8 	 ENS = 8323.381374 : (1143,1107), (1143,1127), (603,1057), (943,942), (1115,1116), (1065,653), (1062,937), (1053,877),  time: 6.005420 secs
k = 9 	 ENS = 7799.086691 : (1143,1107), (1143,1127), (603,1057), (943,942), (1115,1116), (1065,653), (1062,937), (1053,877), (1133,1113),  time: 9.464040 secs
k = 10 	 ENS = 7358.065181 : (1143,1107), (1143,1127), (603,1057), (943,942), (1129,878), (1115,1116), (1065,653), (1062,937), (1129,880), (1133,1113),  time: 13.708226 secs
k = 11 	 ENS = 6971.935408 : (1143,1107), (1143,1127), (943,691), (603,1057), (943,942), (1145,1097), (1129,878), (1065,653), (1062,937), (1129,880), (1133,1113),  time: 29.598214 secs
k = 12 	 ENS = 6612.908623 : (1143,1107), (1143,1127), (943,691), (943,942), (1145,1097), (1129,878), (916,915), (1065,653), (1062,937), (665,657), (1129,880), (1133,1113),  time: 55.987855 secs
k = 13 	 ENS = 6325.784459 : (1143,1107), (1143,1127), (943,691), (943,942), (1145,1097), (1129,878), (1057,897), (1061,646), (916,915), (1065,653), (1062,937), (1129,880), (1133,1113),  time: 55.147626 secs
k = 14 	 ENS = 6102.103669 : (1143,1107), (1143,1127), (943,691), (943,942), (1145,1097), (1129,878), (1057,897), (1061,646), (916,915), (1065,653), (1062,937), (1129,880), (1133,1113), (1078,704),  time: 77.012129 secs
k = 15 	 ENS = 5895.564517 : (1143,1107), (1143,1127), (943,691), (903,611), (943,942), (1145,1097), (1129,878), (1057,897), (1062,648), (916,915), (1065,653), (1062,937), (1129,880), (1133,1113), (1078,704),  time: 283.946571 secs
k = 16 	 ENS = 5712.891113 : (1143,1107), (1143,1127), (943,691), (903,611), (943,942), (1145,1097), (1129,878), (1057,897), (1062,648), (916,915), (1065,653), (1062,937), (1129,880), (1133,1113), (1079,1077), (1078,704),  time: 413.643898 secs
k = 17 	 ENS = 5538.815845 : (1143,1107), (1143,1127), (950,702), (943,691), (903,611), (943,942), (1145,1097), (1129,878), (1057,897), (1062,648), (916,915), (1065,653), (1062,937), (1129,880), (1133,1113), (1079,1077), (1078,704),  time: 3600.000952 secs
k = 18 	 ENS = 5381.954676 : (666,820), (1143,1107), (1143,1127), (950,702), (943,691), (903,611), (943,942), (1145,1097), (1129,878), (1057,897), (1062,648), (916,915), (1065,653), (1062,937), (1129,880), (1133,1113), (1079,1077), (1078,704),  time: 3600.000662 secs
Total time: 8157.636433 secs