k = 0 	 ENS = 98575.410446 :  time: 0.003573 secs
k = 1 	 ENS = 73457.203715 : (2216,2235),  time: 0.134531 secs
k = 2 	 ENS = 51488.355980 : (1846,1678), (2216,2235),  time: 0.056493 secs
k = 3 	 ENS = 42512.310904 : (1978,1702), (1846,1678), (1978,1481),  time: 0.170744 secs
k = 4 	 ENS = 36868.961605 : (1978,1702), (1846,1678), (2211,2212), (1978,1481),  time: 1.264474 secs
k = 5 	 ENS = 33277.360800 : (1978,1702), (1846,1678), (2118,1232), (2211,2212), (1978,1481),  time: 2.820400 secs
k = 6 	 ENS = 30418.736772 : (2236,2192), (1846,1678), (2118,1232), (2211,2212), (1978,1481), (2236,2206),  time: 8.110517 secs
k = 7 	 ENS = 27921.089310 : (2236,2192), (1846,1678), (2118,1232), (1978,1481), (2236,2206), (2244,2167), (1846,1273),  time: 11.403742 secs
k = 8 	 ENS = 26029.966709 : (2236,2192), (1846,1678), (2118,1232), (1179,2109), (1978,1481), (2236,2206), (2244,2167), (1846,1273),  time: 24.382496 secs
k = 9 	 ENS = 24436.492266 : (2236,2192), (1846,1678), (2118,1232), (1179,2109), (1978,1481), (2236,2206), (2244,2167), (1846,1273), (2237,2209),  time: 100.646837 secs
k = 10 	 ENS = 22985.667667 : (2236,2192), (2093,1482), (1846,1678), (2118,1232), (1179,2109), (2093,1700), (2236,2206), (2244,2167), (1846,1273), (2237,2209),  time: 165.420558 secs
k = 11 	 ENS = 21774.480570 : (2236,2192), (2093,1482), (1846,1678), (2118,1232), (1179,2109), (2093,1700), (2115,1840), (2236,2206), (2244,2167), (1846,1273), (2237,2209),  time: 279.055711 secs
k = 12 	 ENS = 20593.721036 : (2236,2192), (2093,1482), (1846,1678), (2118,1232), (1179,2109), (1854,1286), (2093,1700), (2115,1840), (2236,2206), (2244,2167), (1846,1273), (2237,2209),  time: 598.683197 secs
k = 13 	 ENS = 19888.934311 : (2236,2192), (2093,1482), (1846,1678), (2118,1232), (1179,2109), (1854,1286), (2093,1700), (2180,2013), (2115,1840), (2236,2206), (2244,2167), (1846,1273), (2237,2209),  time: 3238.706530 secs
k = 14 	 ENS = 19205.253470 : (2236,2192), (2093,1482), (1846,1678), (2118,1232), (1817,1899), (1179,2109), (1854,1286), (2093,1700), (2180,2013), (2115,1840), (2236,2206), (2244,2167), (1846,1273), (2237,2209),  time: 3600.001107 secs
Total time: 8030.860910 secs