k = 0 	 ENS = 3388.784584 :  time: 0.004255 secs
k = 1 	 ENS = 2565.672022 : (282,283),  time: 0.028627 secs
k = 2 	 ENS = 2128.392105 : (282,283), (347,290),  time: 0.031005 secs
k = 3 	 ENS = 1768.603506 : (362,252), (282,283), (347,290),  time: 0.030681 secs
k = 4 	 ENS = 1562.146731 : (362,252), (203,355), (347,290), (347,346),  time: 0.062724 secs
k = 5 	 ENS = 1389.786195 : (362,252), (203,355), (381,374), (347,290), (347,346),  time: 0.096775 secs
k = 6 	 ENS = 1287.197021 : (362,252), (264,256), (381,374), (347,290), (347,346), (322,321),  time: 0.440846 secs
k = 7 	 ENS = 1229.083068 : (362,252), (264,256), (381,374), (347,290), (347,346), (309,210), (322,321),  time: 5.130020 secs
k = 8 	 ENS = 1176.140237 : (362,252), (309,310), (381,374), (347,290), (347,346), (309,210), (322,321), (358,245),  time: 5.211324 secs
k = 9 	 ENS = 1126.451420 : (362,252), (309,310), (381,374), (282,283), (347,290), (230,228), (316,225), (347,346), (309,210),  time: 7.624191 secs
k = 10 	 ENS = 1076.811859 : (362,252), (355,303), (309,310), (381,374), (282,283), (347,290), (230,228), (316,225), (347,346), (309,210),  time: 7.430749 secs
k = 11 	 ENS = 1032.096183 : (362,252), (380,302), (355,303), (309,310), (381,374), (282,283), (347,290), (230,228), (316,225), (347,346), (309,210),  time: 6.167087 secs
k = 12 	 ENS = 991.693988 : (362,252), (380,302), (355,303), (309,310), (381,374), (282,283), (347,290), (230,228), (316,225), (347,346), (309,210), (379,300),  time: 5.842479 secs
k = 13 	 ENS = 954.957548 : (362,252), (380,302), (355,303), (309,310), (381,374), (282,283), (367,340), (347,290), (230,228), (316,225), (347,346), (309,210), (379,300),  time: 8.114151 secs
k = 14 	 ENS = 920.760406 : (365,344), (362,252), (380,302), (355,303), (309,310), (381,374), (282,283), (367,340), (347,290), (230,228), (316,225), (347,346), (309,210), (379,300),  time: 9.738703 secs
k = 15 	 ENS = 888.576738 : (365,344), (362,252), (380,302), (355,303), (309,310), (381,374), (282,283), (367,340), (347,290), (230,228), (316,225), (347,346), (309,210), (360,249), (379,300),  time: 10.451584 secs
k = 16 	 ENS = 858.967522 : (365,344), (362,252), (380,302), (355,303), (309,310), (381,374), (282,283), (367,340), (347,290), (230,228), (316,225), (347,346), (306,257), (309,210), (360,249), (379,300),  time: 14.170989 secs
k = 17 	 ENS = 831.862150 : (365,344), (362,252), (380,302), (339,273), (355,303), (309,310), (381,374), (282,283), (367,340), (347,290), (230,228), (316,225), (347,346), (306,257), (309,210), (360,249), (379,300),  time: 17.209879 secs
k = 18 	 ENS = 806.714742 : (365,344), (362,252), (380,302), (339,273), (355,303), (309,310), (381,374), (282,283), (367,340), (359,284), (347,290), (230,228), (316,225), (347,346), (306,257), (309,210), (360,249), (379,300),  time: 26.895942 secs
k = 19 	 ENS = 781.910249 : (365,344), (362,252), (380,302), (339,273), (355,303), (309,310), (381,374), (238,325), (282,283), (316,231), (367,340), (359,284), (347,290), (316,225), (347,346), (306,257), (309,210), (360,249), (379,300),  time: 56.872010 secs
k = 20 	 ENS = 758.121063 : (365,344), (362,252), (380,302), (383,338), (339,273), (355,303), (309,310), (381,374), (238,325), (282,283), (316,231), (367,340), (359,284), (347,290), (316,225), (347,346), (306,257), (309,210), (360,249), (379,300),  time: 81.788802 secs
k = 21 	 ENS = 738.647167 : (365,344), (362,252), (380,302), (383,338), (339,273), (355,303), (309,310), (381,374), (238,325), (282,283), (316,231), (342,343), (367,340), (359,284), (347,290), (316,225), (347,346), (306,257), (309,210), (360,249), (379,300),  time: 156.244236 secs
k = 22 	 ENS = 723.377206 : (365,344), (362,252), (380,302), (383,338), (339,273), (355,303), (309,310), (381,374), (360,361), (238,325), (282,283), (316,231), (342,343), (367,340), (359,284), (347,290), (316,225), (347,346), (306,257), (309,210), (360,249), (379,300),  time: 438.330650 secs
k = 23 	 ENS = 708.433447 : (365,344), (362,252), (380,302), (383,338), (339,273), (355,303), (309,310), (381,374), (360,361), (282,283), (342,343), (367,340), (325,240), (359,284), (347,290), (316,225), (347,346), (306,257), (309,210), (360,249), (309,318), (322,321), (379,300),  time: 1471.174811 secs
k = 24 	 ENS = 693.586836 : (365,344), (362,252), (380,302), (383,338), (339,273), (355,303), (309,310), (381,374), (360,361), (282,283), (342,343), (367,340), (325,240), (359,284), (347,290), (316,225), (347,346), (306,257), (309,210), (358,241), (360,249), (309,318), (322,321), (379,300),  time: 2976.774222 secs
k = 25 	 ENS = 678.974482 : (365,344), (362,252), (375,278), (380,302), (383,338), (339,273), (355,303), (309,310), (381,374), (360,361), (282,283), (342,343), (367,340), (325,240), (359,284), (347,290), (316,225), (347,346), (306,257), (309,210), (358,241), (360,249), (309,318), (322,321), (379,300),  time: 3600.000624 secs
Total time: 8905.867366 secs