k = 0 	 ENS = 8812.344785 :  time: 0.001137 secs
k = 1 	 ENS = 6533.075225 : (554,555),  time: 0.050005 secs
k = 2 	 ENS = 4603.881233 : (554,555), (383,384),  time: 0.011845 secs
k = 3 	 ENS = 4022.271925 : (529,353), (554,555), (383,384),  time: 0.338934 secs
k = 4 	 ENS = 3610.718868 : (529,353), (554,555), (303,522), (489,488),  time: 0.517782 secs
k = 5 	 ENS = 3255.636282 : (529,353), (366,564), (489,391), (303,522), (489,488),  time: 0.857726 secs
k = 6 	 ENS = 2942.392151 : (526,483), (529,353), (366,564), (489,391), (303,522), (489,488),  time: 1.230540 secs
k = 7 	 ENS = 2678.132218 : (526,483), (529,353), (560,552), (366,564), (489,391), (303,522), (489,488),  time: 1.858520 secs
k = 8 	 ENS = 2484.790560 : (365,357), (526,483), (529,353), (560,552), (366,564), (489,391), (489,488), (462,461),  time: 2.765830 secs
k = 9 	 ENS = 2371.593436 : (365,357), (526,483), (529,353), (560,552), (366,564), (489,391), (542,403), (489,488), (462,461),  time: 6.162089 secs
k = 10 	 ENS = 2279.466922 : (365,357), (526,483), (529,353), (560,552), (366,564), (489,391), (542,403), (489,488), (543,541), (462,461),  time: 18.236264 secs
k = 11 	 ENS = 2188.663278 : (365,357), (526,483), (529,353), (560,552), (567,565), (366,564), (489,391), (542,403), (489,488), (543,541), (462,461),  time: 31.264497 secs
k = 12 	 ENS = 2107.871780 : (449,311), (526,483), (529,353), (560,552), (567,565), (366,564), (525,346), (489,391), (542,403), (489,488), (543,541), (462,461),  time: 43.854096 secs
k = 13 	 ENS = 2029.682158 : (449,311), (522,443), (526,483), (529,353), (560,552), (567,565), (366,564), (525,346), (489,391), (542,403), (489,488), (543,541), (462,461),  time: 63.338833 secs
k = 14 	 ENS = 1951.273795 : (449,311), (522,443), (526,483), (529,353), (560,552), (526,348), (567,565), (449,450), (366,564), (489,391), (542,403), (489,488), (543,541), (462,461),  time: 83.285148 secs
k = 15 	 ENS = 1876.390719 : (449,311), (522,443), (526,483), (529,353), (560,552), (526,348), (567,565), (449,450), (366,564), (489,391), (542,403), (489,488), (543,541), (566,233), (462,461),  time: 90.428723 secs
k = 16 	 ENS = 1809.886464 : (449,311), (456,326), (522,443), (526,483), (529,353), (560,552), (526,348), (567,565), (449,450), (366,564), (489,391), (542,403), (489,488), (543,541), (566,233), (462,461),  time: 176.975242 secs
k = 17 	 ENS = 1743.522178 : (449,311), (522,443), (526,483), (529,353), (560,552), (526,348), (567,565), (449,450), (366,564), (489,391), (542,403), (464,563), (489,488), (523,339), (449,458), (543,541), (566,233),  time: 256.767060 secs
k = 18 	 ENS = 1693.980028 : (449,311), (522,443), (526,483), (529,353), (560,552), (526,348), (567,565), (449,450), (366,564), (489,391), (542,403), (534,481), (464,563), (489,488), (523,339), (449,458), (543,541), (566,233),  time: 366.280113 secs
k = 19 	 ENS = 1644.780756 : (449,311), (522,443), (526,483), (529,353), (560,552), (526,348), (567,565), (449,450), (366,564), (489,391), (542,403), (534,481), (464,563), (489,488), (523,339), (449,458), (543,541), (566,233), (527,350),  time: 398.505062 secs
k = 20 	 ENS = 1599.107959 : (449,311), (522,443), (526,483), (529,353), (560,552), (526,348), (567,565), (449,450), (366,564), (489,391), (542,403), (534,481), (532,486), (464,563), (489,488), (523,339), (449,458), (543,541), (566,233), (527,350),  time: 716.094264 secs
k = 21 	 ENS = 1553.883270 : (449,311), (456,326), (522,443), (526,483), (529,353), (560,552), (526,348), (567,565), (449,450), (366,564), (489,391), (542,403), (534,481), (532,486), (464,563), (489,488), (543,541), (456,332), (566,233), (527,350), (339,465),  time: 654.558690 secs
k = 22 	 ENS = 1516.481646 : (449,311), (456,326), (522,443), (526,483), (529,353), (560,552), (526,348), (567,565), (449,450), (366,564), (489,391), (542,403), (534,481), (532,486), (464,563), (446,358), (489,488), (543,541), (456,332), (566,233), (527,350), (339,465),  time: 1158.399996 secs
k = 23 	 ENS = 1479.975165 : (449,311), (456,326), (480,374), (522,443), (526,483), (529,353), (560,552), (526,348), (567,565), (449,450), (366,564), (489,391), (542,403), (534,481), (532,486), (464,563), (446,358), (489,488), (543,541), (456,332), (566,233), (527,350), (339,465),  time: 2247.905442 secs
k = 24 	 ENS = 1453.775619 : (449,311), (456,326), (480,374), (522,443), (526,483), (529,353), (560,552), (526,348), (567,565), (449,450), (366,564), (489,391), (542,403), (534,481), (532,486), (464,563), (446,358), (489,488), (543,541), (456,332), (566,233), (527,350), (484,485), (339,465),  time: 3208.276021 secs
Total time: 9527.963859 secs