k = 0 	 ENS = 15958.245654 :  time: 0.000348 secs
k = 1 	 ENS = 11844.499214 : (21,22),  time: 0.004007 secs
k = 2 	 ENS = 9622.716195 : (22,23), (22,31),  time: 0.009545 secs
k = 3 	 ENS = 7463.517165 : (2,3), (22,23), (22,31),  time: 0.009717 secs
k = 4 	 ENS = 6123.485699 : (2,3), (22,23), (16,17), (22,31),  time: 0.014105 secs
k = 5 	 ENS = 5277.610679 : (45,46), (2,3), (22,23), (16,17), (22,31),  time: 0.015326 secs
k = 6 	 ENS = 4915.139087 : (45,46), (2,3), (22,23), (16,17), (2,13), (22,31),  time: 0.036622 secs
k = 7 	 ENS = 4591.259023 : (45,46), (28,29), (2,3), (22,23), (16,17), (2,13), (22,31),  time: 0.081628 secs
k = 8 	 ENS = 4303.651451 : (28,29), (40,41), (2,3), (22,23), (16,17), (2,13), (47,48), (22,31),  time: 0.124917 secs
k = 9 	 ENS = 4076.944751 : (28,29), (40,41), (2,3), (22,23), (16,17), (2,13), (47,48), (22,31), (5,6),  time: 0.122261 secs
k = 10 	 ENS = 3897.371676 : (28,29), (40,41), (2,3), (22,23), (16,17), (2,13), (47,48), (22,31), (25,26), (5,6),  time: 0.152106 secs
k = 11 	 ENS = 3737.941566 : (13,87), (28,29), (40,41), (2,3), (22,23), (16,17), (2,13), (47,48), (22,31), (25,26), (5,6),  time: 0.297329 secs
k = 12 	 ENS = 3590.198482 : (45,46), (13,87), (48,49), (28,29), (2,3), (22,23), (16,17), (2,13), (22,31), (25,26), (39,40), (5,6),  time: 0.359227 secs
k = 13 	 ENS = 3466.083656 : (45,46), (13,87), (48,49), (28,29), (2,3), (22,23), (24,66), (16,17), (2,13), (22,31), (25,26), (39,40), (5,6),  time: 0.387544 secs
k = 14 	 ENS = 3350.711916 : (21,62), (45,46), (13,87), (48,49), (28,29), (2,3), (22,23), (24,66), (16,17), (2,13), (22,31), (25,26), (39,40), (5,6),  time: 0.383583 secs
k = 15 	 ENS = 3245.318771 : (21,62), (45,46), (13,87), (48,49), (28,29), (2,3), (22,23), (24,66), (16,17), (2,13), (15,58), (22,31), (25,26), (39,40), (5,6),  time: 0.402734 secs
k = 16 	 ENS = 3139.925626 : (21,62), (45,46), (13,87), (48,49), (28,29), (2,3), (22,23), (24,66), (16,17), (2,13), (15,58), (22,31), (25,26), (39,40), (5,6), (14,70),  time: 0.391443 secs
k = 17 	 ENS = 3036.172708 : (21,62), (45,46), (13,87), (48,49), (28,29), (2,3), (22,23), (24,66), (16,17), (2,13), (15,58), (41,42), (22,31), (41,95), (25,26), (5,6), (14,70),  time: 0.511602 secs
k = 18 	 ENS = 2932.687172 : (21,62), (45,46), (13,87), (48,49), (28,29), (2,3), (22,23), (24,66), (16,17), (2,13), (15,58), (41,42), (22,31), (41,95), (25,26), (5,6), (34,35), (14,70),  time: 0.513402 secs
k = 19 	 ENS = 2846.868890 : (21,62), (45,46), (13,87), (48,49), (28,29), (2,3), (22,23), (24,66), (16,17), (2,13), (15,58), (22,31), (41,95), (44,98), (25,26), (39,40), (5,6), (34,35), (14,70),  time: 0.821057 secs
k = 20 	 ENS = 2773.636643 : (21,62), (13,87), (48,49), (28,29), (2,3), (22,23), (24,66), (16,17), (2,13), (15,58), (47,48), (46,102), (22,31), (41,95), (44,98), (25,26), (39,40), (5,6), (34,35), (14,70),  time: 0.992205 secs
k = 21 	 ENS = 2700.850729 : (21,62), (13,87), (48,49), (28,29), (2,3), (22,23), (24,66), (16,17), (2,13), (15,58), (47,48), (46,102), (22,31), (27,67), (41,95), (44,98), (25,26), (39,40), (5,6), (34,35), (14,70),  time: 1.131975 secs
k = 22 	 ENS = 2629.153855 : (21,62), (13,87), (48,49), (28,29), (2,3), (22,23), (40,94), (24,66), (16,17), (2,13), (15,58), (47,48), (41,42), (46,102), (22,31), (27,67), (41,95), (44,98), (25,26), (5,6), (34,35), (14,70),  time: 1.332044 secs
k = 23 	 ENS = 2558.752702 : (21,62), (13,87), (48,49), (28,29), (2,3), (22,23), (40,94), (24,66), (16,17), (2,13), (15,58), (47,48), (41,42), (46,102), (23,65), (22,31), (27,67), (41,95), (44,98), (25,26), (5,6), (34,35), (14,70),  time: 1.108675 secs
k = 24 	 ENS = 2488.558311 : (21,62), (13,87), (48,49), (28,29), (7,8), (2,3), (22,23), (40,94), (24,66), (16,17), (2,13), (15,58), (47,48), (41,42), (46,102), (23,65), (22,31), (27,67), (41,95), (44,98), (7,9), (25,26), (34,35), (14,70),  time: 1.067893 secs
k = 25 	 ENS = 2420.240523 : (21,62), (13,87), (48,49), (28,29), (7,8), (2,3), (22,23), (40,94), (24,66), (16,17), (2,13), (15,58), (47,48), (41,42), (46,102), (23,65), (22,31), (27,67), (41,95), (44,98), (7,9), (25,26), (39,93), (34,35), (14,70),  time: 1.144035 secs
k = 26 	 ENS = 2368.876404 : (21,62), (13,87), (48,49), (28,29), (42,96), (7,8), (2,3), (22,23), (40,94), (24,66), (16,17), (2,13), (15,58), (47,48), (46,102), (23,65), (22,31), (27,67), (41,95), (44,98), (7,9), (25,26), (42,43), (39,93), (34,35), (14,70),  time: 1.394961 secs
k = 27 	 ENS = 2322.053275 : (21,62), (13,87), (9,10), (48,49), (28,29), (42,96), (7,8), (2,3), (22,23), (40,94), (24,66), (16,17), (2,13), (15,58), (47,48), (46,102), (23,65), (22,31), (27,67), (41,95), (44,98), (25,26), (42,43), (39,93), (5,6), (34,35), (14,70),  time: 1.825555 secs
k = 28 	 ENS = 2275.521754 : (21,62), (13,87), (9,10), (48,49), (28,29), (42,96), (7,8), (2,3), (22,23), (40,94), (24,66), (16,17), (2,13), (15,58), (3,89), (47,48), (46,102), (23,65), (22,31), (27,67), (41,95), (44,98), (25,26), (42,43), (39,93), (5,6), (34,35), (14,70),  time: 2.206172 secs
k = 29 	 ENS = 2229.029173 : (21,62), (13,87), (9,10), (48,49), (28,29), (42,96), (7,8), (2,3), (22,23), (43,97), (40,94), (24,66), (16,17), (2,13), (15,58), (3,89), (43,44), (47,48), (46,102), (23,65), (22,31), (27,67), (41,95), (44,98), (25,26), (39,93), (5,6), (34,35), (14,70),  time: 2.696522 secs
k = 30 	 ENS = 2182.862176 : (21,62), (13,87), (9,10), (48,49), (28,29), (42,96), (7,8), (2,3), (48,107), (44,100), (22,23), (43,97), (40,94), (24,66), (16,17), (2,13), (15,58), (46,102), (23,65), (22,31), (27,67), (41,95), (44,98), (25,26), (44,99), (39,93), (44,45), (5,6), (34,35), (14,70),  time: 3.115203 secs
k = 31 	 ENS = 2136.330655 : (21,62), (13,87), (9,10), (48,49), (28,29), (42,96), (7,8), (2,3), (48,107), (44,100), (22,23), (43,97), (40,94), (24,66), (16,17), (2,13), (15,58), (3,89), (46,102), (23,65), (22,31), (27,67), (41,95), (44,98), (25,26), (44,99), (39,93), (44,45), (5,6), (34,35), (14,70),  time: 3.226747 secs
k = 32 	 ENS = 2090.546377 : (21,62), (13,87), (9,10), (48,49), (28,29), (42,96), (7,8), (2,3), (48,107), (44,100), (22,23), (43,97), (40,94), (24,66), (16,17), (2,13), (4,90), (15,58), (3,89), (46,102), (23,65), (22,31), (27,67), (41,95), (44,98), (25,26), (44,99), (39,93), (44,45), (5,6), (34,35), (14,70),  time: 3.314641 secs
k = 33 	 ENS = 2052.740854 : (21,62), (13,87), (9,10), (35,36), (48,49), (28,29), (42,96), (7,8), (2,3), (48,107), (44,100), (22,23), (43,97), (40,94), (24,66), (16,17), (2,13), (4,90), (15,58), (3,89), (46,102), (23,65), (22,31), (27,67), (41,95), (44,98), (25,26), (44,99), (35,37), (39,93), (44,45), (5,6), (14,70),  time: 4.172697 secs
k = 34 	 ENS = 2015.776612 : (21,62), (13,87), (9,10), (35,36), (45,101), (48,49), (28,29), (42,96), (7,8), (2,3), (48,107), (44,100), (22,23), (43,97), (40,94), (24,66), (16,17), (2,13), (4,90), (15,58), (3,89), (46,102), (23,65), (22,31), (27,67), (41,95), (44,98), (25,26), (44,99), (35,37), (39,93), (46,47), (5,6), (14,70),  time: 4.749229 secs
k = 35 	 ENS = 1980.307156 : (21,62), (13,87), (9,10), (35,36), (45,101), (31,72), (48,49), (28,29), (42,96), (7,8), (2,3), (48,107), (44,100), (22,23), (43,97), (40,94), (24,66), (16,17), (2,13), (4,90), (15,58), (3,89), (46,102), (23,65), (22,31), (27,67), (41,95), (44,98), (25,26), (44,99), (35,37), (39,93), (46,47), (5,6), (14,70),  time: 5.396648 secs
k = 36 	 ENS = 1948.521556 : (21,62), (13,87), (9,10), (35,36), (45,101), (31,72), (48,49), (28,29), (42,96), (7,8), (2,3), (48,107), (44,100), (22,23), (43,97), (40,94), (24,66), (16,17), (2,13), (4,90), (15,58), (3,89), (46,102), (23,65), (22,31), (27,67), (41,95), (44,98), (25,26), (44,99), (35,37), (39,93), (46,47), (39,40), (5,6), (14,70),  time: 6.627859 secs
k = 37 	 ENS = 1914.346736 : (21,62), (13,87), (9,10), (35,36), (45,101), (31,72), (48,49), (28,29), (47,103), (42,96), (7,8), (2,3), (48,107), (44,100), (22,23), (43,97), (40,94), (24,66), (16,17), (2,13), (4,90), (15,58), (3,89), (47,48), (46,102), (23,65), (22,31), (27,67), (41,95), (44,98), (25,26), (44,99), (35,37), (39,93), (39,40), (5,6), (14,70),  time: 6.368233 secs
k = 38 	 ENS = 1883.026590 : (21,62), (5,91), (13,87), (9,10), (35,36), (45,101), (31,72), (48,49), (28,29), (47,103), (42,96), (7,8), (2,3), (48,107), (44,100), (22,23), (43,97), (40,94), (24,66), (16,17), (2,13), (4,90), (15,58), (3,89), (47,48), (46,102), (23,65), (22,31), (27,67), (41,95), (44,98), (25,26), (44,99), (35,37), (39,93), (39,40), (5,6), (14,70),  time: 7.300771 secs
k = 39 	 ENS = 1853.121743 : (21,62), (13,87), (9,10), (35,36), (45,101), (31,72), (48,49), (28,29), (47,103), (48,106), (42,96), (7,8), (2,3), (48,107), (44,100), (48,104), (22,23), (43,97), (40,94), (24,66), (16,17), (2,13), (4,90), (15,58), (3,89), (46,102), (23,65), (22,31), (27,67), (41,95), (44,98), (25,26), (44,99), (35,37), (39,93), (48,105), (39,40), (5,6), (14,70),  time: 8.005928 secs
k = 40 	 ENS = 1821.801597 : (21,62), (5,91), (13,87), (9,10), (35,36), (45,101), (31,72), (48,49), (28,29), (47,103), (48,106), (42,96), (7,8), (2,3), (48,107), (44,100), (48,104), (22,23), (43,97), (40,94), (24,66), (16,17), (2,13), (4,90), (15,58), (3,89), (46,102), (23,65), (22,31), (27,67), (41,95), (44,98), (25,26), (44,99), (35,37), (39,93), (48,105), (39,40), (5,6), (14,70),  time: 7.060118 secs
k = 41 	 ENS = 1792.149354 : (21,62), (5,91), (13,87), (9,10), (35,36), (45,101), (31,72), (48,49), (28,29), (47,103), (48,106), (42,96), (7,8), (33,74), (2,3), (48,107), (44,100), (48,104), (22,23), (43,97), (40,94), (24,66), (16,17), (2,13), (4,90), (15,58), (3,89), (46,102), (23,65), (22,31), (27,67), (41,95), (44,98), (25,26), (44,99), (35,37), (39,93), (48,105), (39,40), (5,6), (14,70),  time: 6.417456 secs
k = 42 	 ENS = 1762.617054 : (21,62), (5,91), (13,87), (9,10), (35,36), (45,101), (31,72), (48,49), (28,29), (47,103), (48,106), (42,96), (7,8), (33,74), (2,3), (48,107), (44,100), (48,104), (22,23), (43,97), (40,94), (24,66), (16,17), (2,13), (4,90), (51,52), (15,58), (3,89), (46,102), (23,65), (22,31), (27,67), (41,95), (44,98), (25,26), (44,99), (35,37), (39,93), (48,105), (39,40), (5,6), (14,70),  time: 5.215874 secs
k = 43 	 ENS = 1735.608270 : (21,62), (5,91), (13,87), (9,10), (35,36), (45,101), (31,72), (48,49), (28,29), (47,103), (48,106), (42,96), (7,8), (33,74), (2,3), (48,107), (44,100), (48,104), (22,23), (43,97), (40,94), (24,66), (16,17), (2,13), (4,90), (51,52), (15,58), (3,89), (46,102), (23,65), (22,31), (27,67), (41,95), (44,98), (25,26), (44,99), (35,37), (39,93), (48,105), (39,40), (16,21), (5,6), (14,70),  time: 4.456235 secs
k = 44 	 ENS = 1709.413842 : (21,62), (5,91), (13,87), (9,10), (35,36), (45,101), (31,72), (48,49), (28,29), (47,103), (48,106), (42,96), (7,8), (33,74), (2,3), (48,107), (44,100), (48,104), (22,23), (43,97), (40,94), (24,66), (16,17), (2,13), (4,90), (51,52), (15,58), (3,89), (46,102), (23,65), (22,31), (27,67), (41,95), (44,98), (25,26), (44,99), (35,37), (39,93), (48,105), (6,92), (39,40), (16,21), (5,6), (14,70),  time: 3.675472 secs
k = 45 	 ENS = 1686.863592 : (21,62), (5,91), (13,87), (9,10), (35,36), (45,101), (31,72), (48,49), (28,29), (47,103), (48,106), (42,96), (7,8), (33,74), (2,3), (48,107), (44,100), (48,104), (22,23), (43,97), (40,94), (24,66), (16,17), (2,13), (4,90), (51,52), (15,58), (3,89), (46,102), (23,65), (22,31), (18,19), (27,67), (41,95), (44,98), (25,26), (44,99), (35,37), (39,93), (48,105), (6,92), (39,40), (16,21), (5,6), (14,70),  time: 3.671287 secs
k = 46 	 ENS = 1665.316948 : (21,62), (5,91), (13,87), (9,10), (35,36), (45,101), (31,72), (48,49), (28,29), (47,103), (48,106), (42,96), (7,8), (33,74), (2,3), (48,107), (44,100), (48,104), (22,23), (43,97), (40,94), (24,66), (16,17), (2,13), (4,90), (51,52), (15,58), (3,89), (46,102), (23,65), (22,31), (18,19), (27,67), (41,95), (44,98), (25,26), (44,99), (9,84), (35,37), (39,93), (48,105), (6,92), (39,40), (16,21), (5,6), (14,70),  time: 3.266458 secs
k = 47 	 ENS = 1644.615400 : (21,62), (5,91), (13,87), (9,10), (35,36), (45,101), (31,72), (48,49), (28,29), (47,103), (48,106), (42,96), (7,8), (33,74), (2,3), (48,107), (44,100), (48,104), (22,23), (43,97), (40,94), (24,66), (16,17), (2,13), (4,90), (51,52), (15,58), (3,89), (46,102), (32,73), (23,65), (22,31), (18,19), (27,67), (41,95), (44,98), (25,26), (44,99), (9,84), (35,37), (39,93), (48,105), (6,92), (39,40), (16,21), (5,6), (14,70),  time: 2.968607 secs
k = 48 	 ENS = 1625.159474 : (21,62), (5,91), (13,87), (9,10), (35,36), (45,101), (31,72), (48,49), (28,29), (47,103), (48,106), (42,96), (7,8), (33,74), (2,3), (48,107), (44,100), (48,104), (22,23), (43,97), (40,94), (24,66), (16,17), (2,13), (4,90), (51,52), (15,58), (3,89), (46,102), (32,73), (23,65), (22,31), (18,19), (27,67), (41,95), (44,98), (25,26), (44,99), (9,84), (35,37), (39,93), (48,105), (6,92), (39,40), (34,63), (16,21), (5,6), (14,70),  time: 3.577079 secs
k = 49 	 ENS = 1606.456688 : (21,62), (5,91), (13,87), (9,10), (35,36), (45,101), (31,72), (48,49), (28,29), (47,103), (48,106), (42,96), (7,8), (33,74), (31,71), (2,3), (48,107), (44,100), (48,104), (22,23), (43,97), (40,94), (24,66), (16,17), (2,13), (4,90), (51,52), (15,58), (3,89), (46,102), (32,73), (23,65), (22,31), (18,19), (27,67), (41,95), (44,98), (25,26), (44,99), (9,84), (35,37), (39,93), (48,105), (6,92), (39,40), (34,63), (16,21), (5,6), (14,70),  time: 3.441973 secs
k = 50 	 ENS = 1589.532116 : (21,62), (5,91), (50,108), (13,87), (9,10), (35,36), (45,101), (31,72), (48,49), (28,29), (47,103), (48,106), (42,96), (7,8), (33,74), (31,71), (2,3), (48,107), (44,100), (48,104), (22,23), (43,97), (40,94), (24,66), (16,17), (2,13), (4,90), (51,52), (15,58), (3,89), (46,102), (32,73), (23,65), (22,31), (18,19), (27,67), (41,95), (44,98), (25,26), (44,99), (9,84), (35,37), (39,93), (48,105), (6,92), (39,40), (34,63), (16,21), (5,6), (14,70),  time: 3.681623 secs
k = 51 	 ENS = 1574.384408 : (21,62), (5,91), (50,108), (13,87), (9,10), (35,36), (45,101), (31,72), (48,49), (28,29), (47,103), (48,106), (42,96), (7,8), (33,74), (31,71), (2,3), (48,107), (44,100), (48,104), (22,23), (52,53), (43,97), (40,94), (24,66), (16,17), (2,13), (4,90), (15,58), (3,89), (46,102), (32,73), (23,65), (22,31), (18,19), (27,67), (41,95), (44,98), (25,26), (44,99), (9,84), (35,37), (52,109), (39,93), (48,105), (6,92), (39,40), (34,63), (16,21), (5,6), (14,70),  time: 4.620232 secs
k = 52 	 ENS = 1560.514896 : (21,62), (5,91), (50,108), (13,87), (9,10), (35,36), (45,101), (31,72), (48,49), (28,29), (47,103), (48,106), (42,96), (7,8), (33,74), (31,71), (2,3), (48,107), (44,100), (48,104), (22,23), (52,53), (43,97), (40,94), (24,66), (16,17), (2,13), (4,90), (15,58), (3,89), (46,102), (32,73), (23,65), (22,31), (18,19), (27,67), (41,95), (44,98), (25,26), (44,99), (9,84), (35,37), (52,109), (10,57), (39,93), (48,105), (6,92), (39,40), (34,63), (16,21), (5,6), (14,70),  time: 6.551942 secs
k = 53 	 ENS = 1547.233561 : (21,62), (5,91), (50,108), (13,87), (9,10), (35,36), (45,101), (31,72), (48,49), (28,29), (47,103), (48,106), (42,96), (7,8), (33,74), (31,71), (2,3), (48,107), (44,100), (48,104), (22,23), (52,53), (43,97), (40,94), (24,66), (16,17), (2,13), (4,90), (15,58), (3,89), (46,102), (32,73), (23,65), (22,31), (18,19), (27,67), (41,95), (44,98), (25,26), (44,99), (9,84), (35,37), (52,109), (10,57), (39,93), (48,105), (44,45), (6,92), (39,40), (34,63), (16,21), (5,6), (14,70),  time: 14.629205 secs
k = 54 	 ENS = 1534.090555 : (21,62), (5,91), (50,108), (13,87), (9,10), (35,36), (45,101), (31,72), (48,49), (28,29), (47,103), (48,106), (42,96), (51,1), (7,8), (33,74), (31,71), (2,3), (48,107), (44,100), (48,104), (22,23), (52,53), (43,97), (40,94), (24,66), (16,17), (2,13), (4,90), (15,58), (3,89), (46,102), (32,73), (23,65), (22,31), (18,19), (27,67), (41,95), (44,98), (25,26), (44,99), (9,84), (35,37), (52,109), (10,57), (39,93), (48,105), (44,45), (6,92), (39,40), (34,63), (16,21), (5,6), (14,70),  time: 16.510907 secs
k = 55 	 ENS = 1521.366715 : (21,62), (5,91), (50,108), (13,87), (9,10), (35,36), (45,101), (31,72), (48,49), (28,29), (47,103), (48,106), (42,96), (51,1), (7,8), (33,74), (31,71), (2,3), (48,107), (44,100), (48,104), (22,23), (52,53), (43,97), (40,94), (24,66), (16,17), (2,13), (4,90), (15,58), (3,89), (46,102), (32,73), (23,65), (22,31), (18,19), (27,67), (41,95), (44,98), (25,26), (44,99), (9,84), (11,82), (35,37), (52,109), (10,57), (39,93), (48,105), (44,45), (6,92), (39,40), (34,63), (16,21), (5,6), (14,70),  time: 17.361073 secs
k = 56 	 ENS = 1509.130114 : (21,62), (5,91), (50,108), (13,87), (15,16), (9,10), (35,36), (45,101), (31,72), (48,49), (28,29), (47,103), (48,106), (42,96), (51,1), (7,8), (33,74), (31,71), (2,3), (48,107), (44,100), (48,104), (22,23), (52,53), (43,97), (40,94), (24,66), (16,17), (2,13), (4,90), (15,58), (3,89), (46,102), (32,73), (23,65), (22,31), (18,19), (27,67), (41,95), (44,98), (25,26), (44,99), (9,84), (11,82), (35,37), (52,109), (10,57), (39,93), (48,105), (44,45), (6,92), (39,40), (34,63), (16,21), (5,6), (14,70),  time: 22.404096 secs
k = 57 	 ENS = 1497.254154 : (21,62), (5,91), (50,108), (13,87), (15,16), (9,10), (35,36), (45,101), (31,72), (48,49), (28,29), (47,103), (48,106), (42,96), (51,1), (7,8), (10,83), (33,74), (31,71), (2,3), (48,107), (44,100), (48,104), (22,23), (52,53), (43,97), (40,94), (24,66), (16,17), (2,13), (4,90), (15,58), (3,89), (46,102), (32,73), (23,65), (22,31), (18,19), (27,67), (41,95), (44,98), (25,26), (44,99), (9,84), (11,82), (35,37), (52,109), (10,57), (39,93), (48,105), (44,45), (6,92), (39,40), (34,63), (16,21), (5,6), (14,70),  time: 35.591495 secs
k = 58 	 ENS = 1485.890329 : (21,62), (5,91), (50,108), (13,87), (15,16), (9,10), (35,36), (45,101), (31,72), (48,49), (28,29), (47,103), (48,106), (42,96), (51,1), (7,8), (18,56), (10,83), (33,74), (31,71), (2,3), (48,107), (44,100), (48,104), (22,23), (52,53), (43,97), (40,94), (24,66), (16,17), (2,13), (4,90), (15,58), (3,89), (46,102), (32,73), (23,65), (22,31), (18,19), (27,67), (41,95), (44,98), (25,26), (44,99), (9,84), (11,82), (35,37), (52,109), (10,57), (39,93), (48,105), (44,45), (6,92), (39,40), (34,63), (16,21), (5,6), (14,70),  time: 51.771630 secs
k = 59 	 ENS = 1475.293579 : (21,62), (5,91), (50,108), (13,87), (15,16), (9,10), (35,36), (45,101), (31,72), (48,49), (28,29), (47,103), (48,106), (42,96), (51,1), (7,8), (18,56), (10,83), (33,74), (31,71), (2,3), (48,107), (44,100), (48,104), (22,23), (52,53), (43,97), (40,94), (24,66), (16,17), (2,13), (4,90), (15,58), (3,89), (46,102), (32,73), (23,65), (22,31), (18,19), (27,67), (41,95), (24,25), (44,98), (25,26), (44,99), (9,84), (11,82), (35,37), (52,109), (10,57), (39,93), (48,105), (44,45), (6,92), (39,40), (34,63), (16,21), (5,6), (14,70),  time: 63.083520 secs
k = 60 	 ENS = 1466.149930 : (21,62), (5,91), (50,108), (13,87), (15,16), (9,10), (35,36), (45,101), (31,72), (48,49), (28,29), (47,103), (48,106), (42,96), (51,1), (7,8), (18,56), (10,83), (33,74), (31,71), (2,3), (48,107), (44,100), (48,104), (22,23), (43,97), (40,94), (24,66), (16,17), (2,13), (4,90), (15,58), (3,89), (53,54), (46,102), (53,110), (32,73), (23,65), (22,31), (18,19), (27,67), (41,95), (24,25), (44,98), (25,26), (44,99), (9,84), (11,82), (35,37), (52,109), (10,57), (39,93), (48,105), (44,45), (6,92), (39,40), (34,63), (16,21), (5,6), (14,70),  time: 78.085450 secs
k = 61 	 ENS = 1458.174430 : (21,62), (5,91), (50,108), (13,87), (15,16), (9,10), (35,36), (45,101), (31,72), (48,49), (28,29), (47,103), (48,106), (42,96), (51,1), (7,8), (18,56), (10,83), (33,74), (31,71), (2,3), (48,107), (44,100), (48,104), (22,23), (43,97), (40,94), (24,66), (16,17), (2,13), (4,90), (15,58), (3,89), (53,54), (46,102), (53,110), (32,73), (23,65), (22,31), (3,4), (18,19), (27,67), (41,95), (24,25), (44,98), (25,26), (44,99), (9,84), (11,82), (35,37), (52,109), (10,57), (39,93), (48,105), (44,45), (6,92), (39,40), (34,63), (16,21), (5,6), (14,70),  time: 111.779459 secs
k = 62 	 ENS = 1450.411285 : (21,62), (5,91), (50,108), (13,87), (15,16), (9,10), (35,36), (45,101), (31,72), (48,49), (28,29), (47,103), (48,106), (42,96), (51,1), (7,8), (18,56), (10,83), (33,74), (31,71), (2,3), (19,20), (48,107), (44,100), (48,104), (22,23), (43,97), (40,94), (24,66), (16,17), (2,13), (4,90), (15,58), (3,89), (53,54), (46,102), (53,110), (32,73), (23,65), (22,31), (3,4), (27,67), (41,95), (24,25), (44,98), (25,26), (44,99), (9,84), (11,82), (19,55), (35,37), (52,109), (10,57), (39,93), (48,105), (44,45), (6,92), (39,40), (34,63), (16,21), (5,6), (14,70),  time: 131.318304 secs
k = 63 	 ENS = 1442.478508 : (21,62), (5,91), (50,108), (13,87), (33,34), (15,16), (9,10), (35,36), (37,76), (45,101), (31,72), (48,49), (28,29), (47,103), (48,106), (42,96), (51,1), (7,8), (18,56), (10,83), (37,38), (33,74), (31,71), (2,3), (48,107), (44,100), (48,104), (22,23), (43,97), (40,94), (24,66), (16,17), (2,13), (4,90), (15,58), (3,89), (53,54), (46,102), (53,110), (32,73), (23,65), (22,31), (3,4), (18,19), (27,67), (41,95), (24,25), (44,98), (25,26), (44,99), (9,84), (11,82), (52,109), (10,57), (39,93), (48,105), (44,45), (6,92), (39,40), (34,63), (16,21), (5,6), (14,70),  time: 134.916457 secs
k = 64 	 ENS = 1434.715363 : (21,62), (5,91), (50,108), (13,87), (33,34), (15,16), (9,10), (35,36), (37,76), (45,101), (31,72), (48,49), (28,29), (47,103), (48,106), (42,96), (51,1), (7,8), (18,56), (10,83), (37,38), (33,74), (31,71), (2,3), (19,20), (48,107), (44,100), (48,104), (22,23), (43,97), (40,94), (24,66), (16,17), (2,13), (4,90), (15,58), (3,89), (53,54), (46,102), (53,110), (32,73), (23,65), (22,31), (3,4), (27,67), (41,95), (24,25), (44,98), (25,26), (44,99), (9,84), (11,82), (19,55), (52,109), (10,57), (39,93), (48,105), (44,45), (6,92), (39,40), (34,63), (16,21), (5,6), (14,70),  time: 128.803060 secs
k = 65 	 ENS = 1427.392148 : (21,62), (5,91), (11,12), (50,108), (13,87), (33,34), (15,16), (35,36), (37,76), (45,101), (31,72), (48,49), (28,29), (47,103), (48,106), (42,96), (51,1), (7,8), (18,56), (10,83), (37,38), (33,74), (31,71), (2,3), (19,20), (48,107), (44,100), (48,104), (22,23), (43,97), (40,94), (24,66), (16,17), (2,13), (4,90), (15,58), (3,89), (53,54), (46,102), (53,110), (32,73), (23,65), (22,31), (3,4), (27,67), (41,95), (24,25), (44,98), (7,9), (25,26), (44,99), (9,84), (11,82), (19,55), (52,109), (10,57), (39,93), (48,105), (44,45), (6,92), (39,40), (34,63), (16,21), (5,6), (14,70),  time: 140.172383 secs
k = 66 	 ENS = 1420.942082 : (21,62), (5,91), (11,12), (50,108), (13,87), (33,34), (15,16), (35,36), (37,76), (45,101), (31,72), (48,49), (28,29), (47,103), (48,106), (42,96), (51,1), (7,8), (18,56), (10,83), (37,38), (33,74), (31,71), (2,3), (19,20), (48,107), (44,100), (48,104), (22,23), (43,97), (40,94), (24,66), (16,17), (2,13), (4,90), (15,58), (3,89), (53,54), (46,102), (53,110), (32,73), (23,65), (22,31), (3,4), (27,67), (41,95), (29,30), (24,25), (44,98), (7,9), (25,26), (44,99), (9,84), (11,82), (19,55), (52,109), (10,57), (39,93), (48,105), (44,45), (6,92), (39,40), (34,63), (16,21), (5,6), (14,70),  time: 153.888491 secs
k = 67 	 ENS = 1414.668852 : (21,62), (5,91), (11,12), (50,108), (13,87), (33,34), (17,59), (15,16), (35,36), (37,76), (45,101), (31,72), (48,49), (28,29), (47,103), (48,106), (42,96), (51,1), (7,8), (18,56), (10,83), (37,38), (33,74), (31,71), (2,3), (19,20), (48,107), (44,100), (48,104), (22,23), (43,97), (40,94), (24,66), (16,17), (2,13), (4,90), (15,58), (3,89), (53,54), (46,102), (53,110), (32,73), (23,65), (22,31), (3,4), (27,67), (41,95), (29,30), (24,25), (44,98), (7,9), (25,26), (44,99), (9,84), (11,82), (19,55), (52,109), (10,57), (39,93), (48,105), (44,45), (6,92), (39,40), (34,63), (16,21), (5,6), (14,70),  time: 158.876433 secs
k = 68 	 ENS = 1408.516626 : (21,62), (5,91), (11,12), (50,108), (13,87), (17,59), (15,16), (35,36), (37,76), (45,101), (31,72), (48,49), (31,32), (28,29), (47,103), (48,106), (42,96), (51,1), (7,8), (18,56), (10,83), (33,74), (31,71), (2,3), (19,20), (48,107), (44,100), (48,104), (22,23), (43,97), (40,94), (24,66), (16,17), (2,13), (4,90), (15,58), (3,89), (53,54), (46,102), (53,110), (32,73), (23,65), (22,31), (3,4), (27,67), (41,95), (29,30), (24,25), (44,98), (7,9), (25,26), (44,99), (9,84), (11,82), (19,55), (35,37), (52,109), (10,57), (39,93), (48,105), (38,78), (44,45), (6,92), (39,40), (34,63), (16,21), (5,6), (14,70),  time: 160.543525 secs
k = 69 	 ENS = 1402.855194 : (21,62), (5,91), (11,12), (50,108), (13,87), (29,68), (17,59), (15,16), (35,36), (37,76), (45,101), (31,72), (48,49), (31,32), (28,29), (47,103), (48,106), (42,96), (51,1), (7,8), (18,56), (10,83), (33,74), (31,71), (2,3), (19,20), (48,107), (44,100), (48,104), (22,23), (43,97), (40,94), (24,66), (16,17), (2,13), (4,90), (15,58), (3,89), (53,54), (46,102), (53,110), (32,73), (23,65), (22,31), (3,4), (27,67), (41,95), (29,30), (24,25), (44,98), (7,9), (25,26), (44,99), (9,84), (11,82), (19,55), (35,37), (52,109), (10,57), (39,93), (48,105), (38,78), (44,45), (6,92), (39,40), (34,63), (16,21), (5,6), (14,70),  time: 195.255557 secs
k = 70 	 ENS = 1398.307224 : (21,62), (5,91), (11,12), (50,108), (13,87), (29,68), (17,59), (15,16), (35,36), (37,76), (45,101), (31,72), (48,49), (31,32), (28,29), (47,103), (48,106), (42,96), (51,1), (7,8), (18,56), (10,83), (33,74), (31,71), (2,3), (19,20), (48,107), (44,100), (48,104), (22,23), (43,97), (40,94), (24,66), (16,17), (2,13), (4,90), (15,58), (3,89), (53,54), (46,102), (53,110), (32,73), (23,65), (22,31), (3,4), (27,67), (41,95), (29,30), (24,25), (44,98), (7,9), (25,26), (44,99), (9,84), (11,82), (19,55), (38,77), (35,37), (52,109), (10,57), (39,93), (48,105), (38,78), (44,45), (6,92), (39,40), (34,63), (16,21), (5,6), (14,70),  time: 270.313409 secs
k = 71 	 ENS = 1393.278920 : (21,62), (5,91), (11,12), (50,108), (13,87), (29,68), (17,59), (54,112), (15,16), (35,36), (37,76), (45,101), (31,72), (48,49), (54,111), (31,32), (28,29), (47,103), (48,106), (42,96), (51,1), (7,8), (18,56), (10,83), (33,74), (31,71), (2,3), (19,20), (48,107), (44,100), (48,104), (22,23), (43,97), (40,94), (24,66), (16,17), (2,13), (4,90), (51,52), (15,58), (3,89), (46,102), (53,110), (32,73), (23,65), (22,31), (3,4), (27,67), (41,95), (29,30), (24,25), (44,98), (7,9), (25,26), (44,99), (9,84), (11,82), (19,55), (35,37), (52,109), (10,57), (39,93), (48,105), (38,78), (44,45), (6,92), (39,40), (34,63), (16,21), (5,6), (14,70),  time: 265.806994 secs
k = 72 	 ENS = 1388.730950 : (21,62), (5,91), (11,12), (50,108), (13,87), (29,68), (17,59), (54,112), (15,16), (35,36), (37,76), (45,101), (31,72), (48,49), (54,111), (31,32), (28,29), (47,103), (48,106), (42,96), (51,1), (7,8), (18,56), (10,83), (33,74), (31,71), (2,3), (19,20), (48,107), (44,100), (48,104), (22,23), (43,97), (40,94), (24,66), (16,17), (2,13), (4,90), (51,52), (15,58), (3,89), (46,102), (53,110), (32,73), (23,65), (22,31), (3,4), (27,67), (41,95), (29,30), (24,25), (44,98), (7,9), (25,26), (44,99), (9,84), (11,82), (19,55), (38,77), (35,37), (52,109), (10,57), (39,93), (48,105), (38,78), (44,45), (6,92), (39,40), (34,63), (16,21), (5,6), (14,70),  time: 341.337105 secs
k = 73 	 ENS = 1384.284410 : (21,62), (5,91), (11,12), (50,108), (13,87), (29,68), (17,59), (54,112), (15,16), (35,36), (37,76), (45,101), (31,72), (48,49), (54,111), (31,32), (28,29), (47,103), (48,106), (42,96), (51,1), (7,8), (18,56), (10,83), (33,74), (31,71), (2,3), (19,20), (48,107), (30,80), (44,100), (48,104), (22,23), (43,97), (40,94), (24,66), (16,17), (2,13), (4,90), (51,52), (15,58), (3,89), (30,81), (46,102), (53,110), (32,73), (23,65), (22,31), (3,4), (27,67), (41,95), (24,25), (44,98), (7,9), (25,26), (44,99), (9,84), (11,82), (19,55), (38,77), (35,37), (52,109), (10,57), (39,93), (48,105), (38,78), (44,45), (6,92), (39,40), (34,63), (16,21), (5,6), (14,70),  time: 453.708275 secs
k = 74 	 ENS = 1379.989310 : (21,62), (5,91), (11,12), (50,108), (13,87), (29,68), (17,59), (54,112), (15,16), (35,36), (37,76), (45,101), (31,72), (48,49), (54,111), (31,32), (28,29), (47,103), (48,106), (42,96), (51,1), (7,8), (18,56), (10,83), (33,74), (31,71), (2,3), (19,20), (48,107), (30,80), (44,100), (48,104), (22,23), (43,97), (40,94), (24,66), (16,17), (2,13), (4,90), (51,52), (15,58), (3,89), (30,81), (46,102), (53,110), (32,73), (23,65), (22,31), (3,4), (27,67), (41,95), (24,25), (44,98), (7,9), (25,26), (44,99), (9,84), (11,82), (19,55), (38,77), (35,37), (52,109), (10,57), (39,93), (48,105), (38,78), (44,45), (6,92), (39,40), (34,63), (16,21), (5,6), (14,70), (8,79),  time: 558.615406 secs
k = 75 	 ENS = 1375.794310 : (21,62), (5,91), (11,12), (50,108), (13,87), (29,68), (17,59), (54,112), (15,16), (9,10), (35,36), (37,76), (45,101), (31,72), (48,49), (54,111), (31,32), (28,29), (47,103), (48,106), (42,96), (51,1), (7,8), (18,56), (10,83), (33,74), (31,71), (2,3), (19,20), (48,107), (30,80), (44,100), (48,104), (22,23), (43,97), (40,94), (24,66), (16,17), (2,13), (4,90), (51,52), (15,58), (3,89), (30,81), (46,102), (53,110), (32,73), (23,65), (22,31), (3,4), (27,67), (41,95), (24,25), (44,98), (7,9), (25,26), (44,99), (9,84), (11,82), (19,55), (38,77), (35,37), (52,109), (10,57), (39,93), (48,105), (38,78), (44,45), (6,92), (39,40), (34,63), (16,21), (5,6), (14,70), (8,79),  time: 567.210023 secs
k = 76 	 ENS = 1372.190962 : (21,62), (5,91), (11,12), (50,108), (13,87), (29,68), (17,59), (54,112), (15,16), (9,10), (35,36), (37,76), (45,101), (31,72), (48,49), (54,111), (31,32), (28,29), (47,103), (48,106), (42,96), (51,1), (7,8), (18,56), (10,83), (33,74), (31,71), (2,3), (19,20), (48,107), (30,80), (44,100), (48,104), (22,23), (43,97), (40,94), (24,66), (16,17), (2,13), (4,90), (51,52), (15,58), (3,89), (30,81), (46,102), (53,110), (32,73), (23,65), (22,31), (3,4), (27,67), (41,95), (24,25), (44,98), (7,9), (25,26), (44,99), (9,84), (11,82), (19,55), (38,77), (35,37), (52,109), (10,57), (25,27), (39,93), (48,105), (38,78), (44,45), (6,92), (39,40), (34,63), (16,21), (5,6), (14,70), (8,79),  time: 632.540619 secs
k = 77 	 ENS = 1368.694462 : (21,62), (5,91), (11,12), (50,108), (13,87), (33,34), (29,68), (17,59), (54,112), (15,16), (9,10), (35,36), (37,76), (45,101), (31,72), (48,49), (54,111), (31,32), (28,29), (47,103), (48,106), (42,96), (51,1), (7,8), (18,56), (10,83), (33,74), (31,71), (2,3), (19,20), (48,107), (30,80), (44,100), (48,104), (22,23), (43,97), (40,94), (24,66), (16,17), (2,13), (4,90), (51,52), (15,58), (3,89), (30,81), (46,102), (53,110), (32,73), (23,65), (22,31), (3,4), (27,67), (41,95), (24,25), (44,98), (7,9), (25,26), (44,99), (9,84), (11,82), (19,55), (38,77), (35,37), (52,109), (10,57), (25,27), (39,93), (48,105), (38,78), (44,45), (6,92), (39,40), (34,63), (16,21), (5,6), (14,70), (8,79),  time: 721.299183 secs
k = 78 	 ENS = 1365.693662 : (21,62), (5,91), (11,12), (50,108), (13,87), (33,34), (29,68), (17,59), (54,112), (15,16), (9,10), (35,36), (37,76), (45,101), (31,72), (48,49), (54,111), (31,32), (28,29), (47,103), (48,106), (42,96), (51,1), (7,8), (18,56), (10,83), (33,74), (31,71), (2,3), (19,20), (48,107), (30,80), (44,100), (48,104), (22,23), (43,97), (40,94), (24,66), (16,17), (2,13), (4,90), (51,52), (15,58), (3,89), (30,81), (46,102), (53,110), (32,73), (20,61), (23,65), (22,31), (3,4), (27,67), (41,95), (24,25), (44,98), (7,9), (25,26), (44,99), (9,84), (11,82), (19,55), (38,77), (35,37), (52,109), (10,57), (25,27), (39,93), (48,105), (38,78), (44,45), (6,92), (39,40), (34,63), (16,21), (5,6), (14,70), (8,79),  time: 551.485639 secs
k = 79 	 ENS = 1362.550577 : (21,62), (5,91), (11,12), (50,108), (13,87), (33,34), (29,68), (17,59), (54,112), (15,16), (9,10), (35,36), (37,76), (45,101), (31,72), (48,49), (54,111), (31,32), (28,29), (47,103), (48,106), (42,96), (51,1), (7,8), (18,56), (10,83), (33,74), (31,71), (2,3), (48,107), (30,80), (44,100), (48,104), (22,23), (43,97), (40,94), (24,66), (16,17), (2,13), (4,90), (51,52), (15,58), (3,89), (30,81), (46,102), (53,110), (32,73), (20,61), (23,65), (22,31), (3,4), (18,19), (27,67), (41,95), (24,25), (44,98), (7,9), (25,26), (44,99), (9,84), (11,82), (19,55), (38,77), (35,37), (20,60), (52,109), (10,57), (25,27), (39,93), (48,105), (38,78), (44,45), (6,92), (39,40), (34,63), (16,21), (5,6), (14,70), (8,79),  time: 368.394533 secs
k = 80 	 ENS = 1359.852350 : (21,62), (5,91), (11,12), (50,108), (13,87), (33,34), (29,68), (17,59), (54,112), (15,16), (9,10), (35,36), (37,76), (45,101), (31,72), (48,49), (54,111), (31,32), (28,29), (47,103), (48,106), (42,96), (51,1), (7,8), (26,86), (18,56), (10,83), (33,74), (31,71), (2,3), (48,107), (30,80), (44,100), (48,104), (22,23), (43,97), (40,94), (24,66), (16,17), (2,13), (4,90), (51,52), (15,58), (3,89), (30,81), (46,102), (53,110), (32,73), (20,61), (23,65), (22,31), (3,4), (18,19), (27,67), (41,95), (24,25), (44,98), (7,9), (25,26), (44,99), (9,84), (11,82), (19,55), (38,77), (35,37), (20,60), (52,109), (10,57), (25,27), (39,93), (48,105), (38,78), (44,45), (6,92), (39,40), (34,63), (16,21), (5,6), (14,70), (8,79),  time: 375.877027 secs
k = 81 	 ENS = 1357.170440 : (21,62), (5,91), (11,12), (50,108), (13,87), (33,34), (29,68), (17,59), (54,112), (15,16), (9,10), (35,36), (37,76), (45,101), (31,72), (48,49), (54,111), (31,32), (28,29), (47,103), (48,106), (42,96), (51,1), (7,8), (26,86), (18,56), (10,83), (33,74), (31,71), (2,3), (48,107), (30,80), (44,100), (48,104), (22,23), (43,97), (40,94), (24,66), (16,17), (2,13), (4,90), (51,52), (15,58), (3,89), (30,81), (46,102), (53,110), (32,73), (20,61), (23,65), (22,31), (3,4), (18,19), (27,67), (41,95), (24,25), (44,98), (7,9), (25,26), (44,99), (9,84), (11,82), (19,55), (38,77), (35,37), (20,60), (42,43), (52,109), (10,57), (25,27), (39,93), (48,105), (38,78), (44,45), (6,92), (39,40), (34,63), (16,21), (5,6), (14,70), (8,79),  time: 539.897466 secs
Total time: 7391.897577 secs