k = 0 	 ENS = 58226.262028 :  time: 0.000555 secs
k = 1 	 ENS = 40600.105781 : (2,13),  time: 0.010671 secs
k = 2 	 ENS = 26659.817331 : (128,133), (2,13),  time: 0.004917 secs
k = 3 	 ENS = 21246.917795 : (2,3), (128,133), (2,13),  time: 0.015197 secs
k = 4 	 ENS = 17694.022185 : (2,3), (136,137), (2,13), (2,122),  time: 0.020308 secs
k = 5 	 ENS = 15691.502709 : (2,3), (136,137), (23,24), (2,13), (2,122),  time: 0.023914 secs
k = 6 	 ENS = 14129.702238 : (22,31), (2,3), (136,137), (23,24), (2,13), (2,122),  time: 0.027395 secs
k = 7 	 ENS = 12629.829738 : (22,31), (2,3), (136,137), (23,24), (2,13), (2,122), (2,114),  time: 0.033207 secs
k = 8 	 ENS = 11682.576518 : (22,31), (2,3), (136,137), (23,24), (16,17), (2,13), (2,122), (2,114),  time: 0.063469 secs
k = 9 	 ENS = 10868.657258 : (22,31), (2,3), (128,129), (136,137), (23,24), (16,17), (2,13), (2,122), (2,114),  time: 0.131479 secs
k = 10 	 ENS = 10063.749506 : (22,31), (2,3), (22,23), (128,129), (136,137), (45,46), (16,17), (2,13), (2,122), (2,114),  time: 0.176179 secs
k = 11 	 ENS = 9279.617771 : (22,31), (2,3), (22,23), (128,129), (138,143), (128,133), (45,46), (16,17), (2,13), (2,122), (2,114),  time: 0.136885 secs
k = 12 	 ENS = 8788.670957 : (22,31), (2,3), (22,23), (128,129), (138,143), (128,133), (45,46), (138,139), (16,17), (2,13), (2,122), (2,114),  time: 0.194970 secs
k = 13 	 ENS = 8423.897471 : (22,31), (2,3), (22,23), (128,129), (138,143), (125,126), (128,133), (45,46), (138,139), (16,17), (2,13), (2,122), (2,114),  time: 0.286959 secs
k = 14 	 ENS = 8100.017407 : (22,31), (2,3), (22,23), (128,129), (138,143), (125,126), (128,133), (45,46), (138,139), (16,17), (2,13), (2,122), (2,114), (28,29),  time: 0.310133 secs
k = 15 	 ENS = 7799.982615 : (22,31), (2,3), (22,23), (128,129), (138,143), (125,126), (128,133), (45,46), (138,139), (150,154), (16,17), (2,13), (2,122), (2,114), (28,29),  time: 0.417946 secs
k = 16 	 ENS = 7512.375043 : (22,31), (2,3), (22,23), (128,129), (138,143), (125,126), (128,133), (40,41), (138,139), (47,48), (150,154), (16,17), (2,13), (2,122), (2,114), (28,29),  time: 0.575638 secs
k = 17 	 ENS = 7285.668343 : (22,31), (2,3), (22,23), (5,6), (128,129), (138,143), (125,126), (128,133), (40,41), (138,139), (47,48), (150,154), (16,17), (2,13), (2,122), (2,114), (28,29),  time: 0.983606 secs
k = 18 	 ENS = 7076.928567 : (22,31), (2,3), (22,23), (5,6), (128,129), (122,172), (138,143), (125,126), (128,133), (40,41), (138,139), (47,48), (150,154), (16,17), (2,13), (2,122), (2,114), (28,29),  time: 1.277030 secs
k = 19 	 ENS = 6882.726632 : (22,31), (2,3), (22,23), (5,6), (128,129), (122,172), (138,143), (125,126), (128,133), (40,41), (138,139), (47,48), (150,154), (16,17), (2,13), (2,122), (2,114), (150,151), (28,29),  time: 1.457039 secs
k = 20 	 ENS = 6693.084834 : (22,31), (2,3), (22,23), (5,6), (128,129), (122,172), (138,143), (125,126), (128,133), (40,41), (138,139), (47,48), (150,154), (16,17), (2,13), (2,122), (2,114), (124,181), (150,151), (28,29),  time: 1.683070 secs
k = 21 	 ENS = 6507.081173 : (22,31), (2,3), (22,23), (5,6), (128,129), (122,172), (146,147), (138,143), (125,126), (128,133), (40,41), (138,139), (47,48), (150,154), (16,17), (2,13), (2,122), (2,114), (124,181), (150,151), (28,29),  time: 2.070189 secs
k = 22 	 ENS = 6327.508098 : (25,26), (22,31), (2,3), (22,23), (5,6), (128,129), (122,172), (146,147), (138,143), (125,126), (128,133), (40,41), (138,139), (47,48), (150,154), (16,17), (2,13), (2,122), (2,114), (124,181), (150,151), (28,29),  time: 2.157770 secs
k = 23 	 ENS = 6151.947182 : (25,26), (22,31), (2,3), (22,23), (5,6), (128,129), (122,172), (146,147), (138,143), (125,126), (128,133), (40,41), (138,139), (47,48), (150,154), (16,17), (123,166), (2,13), (2,122), (2,114), (124,181), (150,151), (28,29),  time: 2.559468 secs
k = 24 	 ENS = 5992.517072 : (25,26), (22,31), (2,3), (22,23), (5,6), (128,129), (122,172), (146,147), (138,143), (13,87), (125,126), (128,133), (40,41), (138,139), (47,48), (150,154), (16,17), (123,166), (2,13), (2,122), (2,114), (124,181), (150,151), (28,29),  time: 2.793186 secs
k = 25 	 ENS = 5844.773988 : (48,49), (25,26), (22,31), (2,3), (22,23), (5,6), (128,129), (122,172), (146,147), (138,143), (13,87), (125,126), (128,133), (45,46), (138,139), (150,154), (16,17), (123,166), (2,13), (2,122), (2,114), (124,181), (150,151), (28,29), (39,40),  time: 3.375988 secs
k = 26 	 ENS = 5720.659162 : (48,49), (25,26), (22,31), (2,3), (22,23), (5,6), (128,129), (122,172), (146,147), (138,143), (13,87), (125,126), (128,133), (24,66), (45,46), (138,139), (150,154), (16,17), (123,166), (2,13), (2,122), (2,114), (124,181), (150,151), (28,29), (39,40),  time: 3.486029 secs
k = 27 	 ENS = 5604.147736 : (48,49), (25,26), (22,31), (2,3), (22,23), (5,6), (128,129), (122,172), (146,147), (138,143), (13,87), (125,126), (135,183), (128,133), (24,66), (45,46), (138,139), (150,154), (16,17), (123,166), (2,13), (2,122), (2,114), (124,181), (150,151), (28,29), (39,40),  time: 4.006724 secs
k = 28 	 ENS = 5488.775996 : (48,49), (25,26), (22,31), (2,3), (22,23), (5,6), (128,129), (122,172), (21,62), (146,147), (138,143), (13,87), (125,126), (135,183), (128,133), (24,66), (45,46), (138,139), (150,154), (16,17), (123,166), (2,13), (2,122), (2,114), (124,181), (150,151), (28,29), (39,40),  time: 4.418527 secs
k = 29 	 ENS = 5383.382851 : (48,49), (25,26), (22,31), (2,3), (22,23), (5,6), (128,129), (122,172), (21,62), (146,147), (138,143), (13,87), (125,126), (135,183), (128,133), (24,66), (45,46), (138,139), (150,154), (14,70), (16,17), (123,166), (2,13), (2,122), (2,114), (124,181), (150,151), (28,29), (39,40),  time: 5.169392 secs
k = 30 	 ENS = 5277.989706 : (48,49), (25,26), (22,31), (2,3), (22,23), (5,6), (128,129), (122,172), (21,62), (146,147), (138,143), (13,87), (125,126), (135,183), (128,133), (24,66), (45,46), (138,139), (150,154), (14,70), (16,17), (123,166), (2,13), (2,122), (2,114), (124,181), (150,151), (15,58), (28,29), (39,40),  time: 6.280331 secs
k = 31 	 ENS = 5174.236788 : (48,49), (25,26), (22,31), (2,3), (22,23), (5,6), (128,129), (122,172), (21,62), (146,147), (138,143), (13,87), (41,42), (125,126), (135,183), (128,133), (24,66), (45,46), (138,139), (150,154), (14,70), (16,17), (123,166), (2,13), (2,122), (2,114), (41,95), (124,181), (150,151), (15,58), (28,29),  time: 5.515878 secs
k = 32 	 ENS = 5070.751252 : (48,49), (25,26), (22,31), (2,3), (22,23), (5,6), (128,129), (122,172), (21,62), (146,147), (138,143), (13,87), (41,42), (125,126), (135,183), (128,133), (24,66), (45,46), (138,139), (150,154), (14,70), (16,17), (123,166), (34,35), (2,13), (2,122), (2,114), (41,95), (124,181), (150,151), (15,58), (28,29),  time: 5.907843 secs
k = 33 	 ENS = 4971.778252 : (48,49), (25,26), (22,31), (2,3), (22,23), (5,6), (128,129), (122,172), (21,62), (146,147), (138,143), (13,87), (41,42), (125,126), (135,183), (128,133), (24,66), (45,46), (138,139), (150,154), (14,70), (16,17), (123,166), (34,35), (2,13), (130,132), (2,122), (2,114), (41,95), (124,181), (150,151), (15,58), (28,29),  time: 6.217903 secs
k = 34 	 ENS = 4881.063852 : (48,49), (25,26), (22,31), (2,3), (22,23), (5,6), (128,129), (122,172), (21,62), (146,147), (138,143), (13,87), (41,42), (125,126), (135,183), (128,133), (24,66), (45,46), (138,139), (150,154), (134,190), (14,70), (16,17), (123,166), (34,35), (2,13), (130,132), (2,122), (2,114), (41,95), (124,181), (150,151), (15,58), (28,29),  time: 7.647425 secs
k = 35 	 ENS = 4794.754761 : (48,49), (25,26), (22,31), (2,3), (22,23), (5,6), (128,129), (122,172), (21,62), (146,147), (138,143), (13,87), (41,42), (125,126), (135,183), (128,133), (24,66), (45,46), (138,139), (150,154), (134,190), (14,70), (16,17), (123,166), (34,35), (2,13), (130,132), (2,122), (136,175), (2,114), (41,95), (124,181), (150,151), (15,58), (28,29),  time: 11.196414 secs
k = 36 	 ENS = 4708.936479 : (48,49), (25,26), (22,31), (2,3), (22,23), (5,6), (128,129), (122,172), (21,62), (146,147), (44,98), (138,143), (13,87), (125,126), (135,183), (128,133), (24,66), (45,46), (138,139), (150,154), (134,190), (14,70), (16,17), (123,166), (34,35), (2,13), (130,132), (2,122), (136,175), (2,114), (41,95), (124,181), (150,151), (15,58), (28,29), (39,40),  time: 14.132180 secs
k = 37 	 ENS = 4635.704232 : (48,49), (25,26), (22,31), (2,3), (22,23), (5,6), (128,129), (122,172), (21,62), (146,147), (44,98), (138,143), (13,87), (125,126), (135,183), (128,133), (24,66), (46,102), (138,139), (47,48), (150,154), (134,190), (14,70), (16,17), (123,166), (34,35), (2,13), (130,132), (2,122), (136,175), (2,114), (41,95), (124,181), (150,151), (15,58), (28,29), (39,40),  time: 23.397739 secs
k = 38 	 ENS = 4562.918318 : (48,49), (25,26), (27,67), (22,31), (2,3), (22,23), (5,6), (128,129), (122,172), (21,62), (146,147), (44,98), (138,143), (13,87), (125,126), (135,183), (128,133), (24,66), (46,102), (138,139), (47,48), (150,154), (134,190), (14,70), (16,17), (123,166), (34,35), (2,13), (130,132), (2,122), (136,175), (2,114), (41,95), (124,181), (150,151), (15,58), (28,29), (39,40),  time: 32.894266 secs
k = 39 	 ENS = 4491.221444 : (48,49), (25,26), (27,67), (22,31), (2,3), (22,23), (5,6), (128,129), (122,172), (21,62), (146,147), (44,98), (138,143), (13,87), (40,94), (41,42), (125,126), (135,183), (128,133), (24,66), (46,102), (138,139), (47,48), (150,154), (134,190), (14,70), (16,17), (123,166), (34,35), (2,13), (130,132), (2,122), (136,175), (2,114), (41,95), (124,181), (150,151), (15,58), (28,29),  time: 54.901722 secs
k = 40 	 ENS = 4420.820291 : (48,49), (25,26), (27,67), (22,31), (2,3), (22,23), (5,6), (128,129), (122,172), (21,62), (146,147), (44,98), (138,143), (13,87), (40,94), (41,42), (125,126), (135,183), (128,133), (24,66), (46,102), (138,139), (47,48), (150,154), (134,190), (23,65), (14,70), (16,17), (123,166), (34,35), (2,13), (130,132), (2,122), (136,175), (2,114), (41,95), (124,181), (150,151), (15,58), (28,29),  time: 69.520030 secs
k = 41 	 ENS = 4350.625900 : (48,49), (25,26), (27,67), (22,31), (2,3), (22,23), (128,129), (122,172), (21,62), (146,147), (44,98), (138,143), (7,9), (7,8), (13,87), (40,94), (41,42), (125,126), (135,183), (128,133), (24,66), (46,102), (138,139), (47,48), (150,154), (134,190), (23,65), (14,70), (16,17), (123,166), (34,35), (2,13), (130,132), (2,122), (136,175), (2,114), (41,95), (124,181), (150,151), (15,58), (28,29),  time: 105.534914 secs
k = 42 	 ENS = 4282.139850 : (48,49), (25,26), (27,67), (22,31), (2,3), (22,23), (128,129), (122,172), (21,62), (146,147), (133,182), (44,98), (138,143), (7,9), (7,8), (13,87), (40,94), (41,42), (125,126), (135,183), (128,133), (24,66), (46,102), (138,139), (47,48), (150,154), (134,190), (23,65), (14,70), (16,17), (123,166), (34,35), (2,13), (130,132), (2,122), (136,175), (2,114), (41,95), (124,181), (150,151), (15,58), (28,29),  time: 134.384878 secs
k = 43 	 ENS = 4213.822062 : (48,49), (25,26), (27,67), (22,31), (2,3), (22,23), (128,129), (122,172), (21,62), (146,147), (133,182), (44,98), (138,143), (7,9), (7,8), (13,87), (40,94), (41,42), (39,93), (125,126), (135,183), (128,133), (24,66), (46,102), (138,139), (47,48), (150,154), (134,190), (23,65), (14,70), (16,17), (123,166), (34,35), (2,13), (130,132), (2,122), (136,175), (2,114), (41,95), (124,181), (150,151), (15,58), (28,29),  time: 136.850443 secs
k = 44 	 ENS = 4149.287302 : (48,49), (25,26), (27,67), (22,31), (2,3), (22,23), (128,129), (122,172), (21,62), (146,147), (133,182), (44,98), (138,143), (7,9), (7,8), (13,87), (40,94), (41,42), (39,93), (125,126), (135,183), (128,133), (24,66), (137,176), (46,102), (138,139), (47,48), (150,154), (134,190), (23,65), (14,70), (16,17), (123,166), (34,35), (2,13), (130,132), (2,122), (136,175), (2,114), (41,95), (124,181), (150,151), (15,58), (28,29),  time: 143.729602 secs
k = 45 	 ENS = 4097.923183 : (48,49), (25,26), (27,67), (22,31), (2,3), (22,23), (128,129), (42,96), (122,172), (21,62), (146,147), (133,182), (44,98), (138,143), (7,9), (7,8), (13,87), (40,94), (39,93), (125,126), (135,183), (128,133), (24,66), (42,43), (137,176), (46,102), (138,139), (47,48), (150,154), (134,190), (23,65), (14,70), (16,17), (123,166), (34,35), (2,13), (130,132), (2,122), (136,175), (2,114), (41,95), (124,181), (150,151), (15,58), (28,29),  time: 218.612746 secs
k = 46 	 ENS = 4049.222843 : (48,49), (25,26), (27,67), (22,31), (2,3), (22,23), (128,129), (136,167), (42,96), (122,172), (21,62), (146,147), (133,182), (44,98), (138,143), (7,9), (7,8), (13,87), (40,94), (39,93), (125,126), (135,183), (128,133), (24,66), (42,43), (137,176), (46,102), (138,139), (47,48), (150,154), (134,190), (23,65), (14,70), (16,17), (123,166), (34,35), (2,13), (130,132), (2,122), (136,175), (2,114), (41,95), (124,181), (150,151), (15,58), (28,29),  time: 297.438146 secs
k = 47 	 ENS = 4002.399714 : (48,49), (25,26), (27,67), (22,31), (2,3), (22,23), (5,6), (128,129), (136,167), (42,96), (122,172), (21,62), (146,147), (133,182), (44,98), (138,143), (7,8), (13,87), (40,94), (39,93), (125,126), (135,183), (128,133), (24,66), (42,43), (137,176), (9,10), (46,102), (138,139), (47,48), (150,154), (134,190), (23,65), (14,70), (16,17), (123,166), (34,35), (2,13), (130,132), (2,122), (136,175), (2,114), (41,95), (124,181), (150,151), (15,58), (28,29),  time: 444.197825 secs
k = 48 	 ENS = 3955.868193 : (48,49), (25,26), (27,67), (22,31), (2,3), (22,23), (5,6), (128,129), (136,167), (42,96), (122,172), (21,62), (146,147), (133,182), (44,98), (138,143), (7,8), (13,87), (40,94), (39,93), (125,126), (135,183), (128,133), (24,66), (42,43), (137,176), (9,10), (46,102), (138,139), (47,48), (150,154), (134,190), (23,65), (14,70), (16,17), (123,166), (34,35), (2,13), (130,132), (2,122), (136,175), (2,114), (41,95), (3,89), (124,181), (150,151), (15,58), (28,29),  time: 534.628874 secs
k = 49 	 ENS = 3909.375612 : (48,49), (25,26), (27,67), (22,31), (2,3), (43,44), (22,23), (5,6), (128,129), (136,167), (42,96), (122,172), (21,62), (146,147), (133,182), (44,98), (138,143), (7,8), (13,87), (40,94), (43,97), (39,93), (125,126), (135,183), (128,133), (24,66), (137,176), (9,10), (46,102), (138,139), (47,48), (150,154), (134,190), (23,65), (14,70), (16,17), (123,166), (34,35), (2,13), (130,132), (2,122), (136,175), (2,114), (41,95), (3,89), (124,181), (150,151), (15,58), (28,29),  time: 678.594837 secs
k = 50 	 ENS = 3863.208615 : (48,49), (25,26), (27,67), (22,31), (2,3), (22,23), (5,6), (128,129), (136,167), (42,96), (122,172), (21,62), (146,147), (133,182), (44,98), (138,143), (7,8), (13,87), (40,94), (43,97), (39,93), (125,126), (135,183), (128,133), (24,66), (44,45), (137,176), (9,10), (46,102), (138,139), (150,154), (44,100), (134,190), (23,65), (14,70), (16,17), (123,166), (34,35), (2,13), (48,107), (44,99), (130,132), (2,122), (136,175), (2,114), (41,95), (124,181), (150,151), (15,58), (28,29),  time: 1282.212236 secs
k = 51 	 ENS = 3816.677094 : (48,49), (25,26), (27,67), (22,31), (2,3), (22,23), (5,6), (128,129), (136,167), (42,96), (122,172), (21,62), (146,147), (133,182), (44,98), (138,143), (7,8), (13,87), (40,94), (43,97), (39,93), (125,126), (135,183), (128,133), (24,66), (44,45), (137,176), (9,10), (46,102), (138,139), (150,154), (44,100), (134,190), (23,65), (14,70), (16,17), (123,166), (34,35), (2,13), (48,107), (44,99), (130,132), (2,122), (136,175), (2,114), (41,95), (3,89), (124,181), (150,151), (15,58), (28,29),  time: 1094.962809 secs
k = 52 	 ENS = 3770.892816 : (48,49), (25,26), (27,67), (22,31), (2,3), (22,23), (5,6), (128,129), (136,167), (42,96), (122,172), (21,62), (146,147), (133,182), (44,98), (138,143), (7,8), (13,87), (40,94), (43,97), (39,93), (125,126), (135,183), (128,133), (24,66), (44,45), (137,176), (9,10), (46,102), (138,139), (150,154), (44,100), (134,190), (23,65), (14,70), (16,17), (123,166), (34,35), (2,13), (48,107), (44,99), (130,132), (2,122), (136,175), (4,90), (2,114), (41,95), (3,89), (124,181), (150,151), (15,58), (28,29),  time: 1231.472198 secs
k = 53 	 ENS = 3725.979066 : (48,49), (25,26), (27,67), (22,31), (2,3), (22,23), (5,6), (128,129), (136,167), (42,96), (122,172), (21,62), (146,147), (133,182), (157,158), (44,98), (138,143), (7,8), (13,87), (40,94), (43,97), (39,93), (125,126), (135,183), (128,133), (24,66), (44,45), (137,176), (9,10), (46,102), (138,139), (150,154), (44,100), (134,190), (23,65), (14,70), (16,17), (123,166), (34,35), (2,13), (48,107), (44,99), (130,132), (2,122), (136,175), (4,90), (2,114), (41,95), (3,89), (124,181), (150,151), (15,58), (28,29),  time: 1670.528563 secs
Total time: 8248.627640 secs