k = 0 	 ENS = 105636.126719 :  time: 0.000596 secs
k = 1 	 ENS = 78817.408027 : (2,13),  time: 0.013628 secs
k = 2 	 ENS = 57773.422219 : (2,13), (2,122),  time: 0.005557 secs
k = 3 	 ENS = 37226.985493 : (2,13), (2,216), (2,122),  time: 0.005783 secs
k = 4 	 ENS = 29686.593227 : (2,13), (2,216), (2,122), (2,3),  time: 0.017497 secs
k = 5 	 ENS = 25315.203280 : (2,13), (2,216), (2,122), (136,137), (2,3),  time: 0.019266 secs
k = 6 	 ENS = 23255.465155 : (2,13), (2,216), (2,122), (2,114), (136,137), (2,3),  time: 0.026667 secs
k = 7 	 ENS = 21252.945679 : (2,13), (23,24), (2,216), (2,122), (2,114), (136,137), (2,3),  time: 0.025875 secs
k = 8 	 ENS = 19691.145208 : (2,13), (23,24), (2,216), (22,31), (2,122), (2,114), (136,137), (2,3),  time: 0.033729 secs
k = 9 	 ENS = 18270.346587 : (2,13), (23,24), (2,216), (22,31), (2,122), (2,114), (136,137), (230,231), (2,3),  time: 0.040823 secs
k = 10 	 ENS = 17286.365589 : (2,13), (23,24), (2,216), (22,31), (221,222), (2,122), (2,114), (136,137), (230,231), (2,3),  time: 0.061709 secs
k = 11 	 ENS = 16339.112369 : (2,13), (23,24), (2,216), (22,31), (16,17), (221,222), (2,122), (2,114), (136,137), (230,231), (2,3),  time: 0.093751 secs
k = 12 	 ENS = 15525.193109 : (2,13), (23,24), (2,216), (22,31), (16,17), (221,222), (128,129), (2,122), (2,114), (136,137), (230,231), (2,3),  time: 0.129039 secs
k = 13 	 ENS = 14720.285357 : (2,13), (2,216), (22,31), (16,17), (22,23), (221,222), (128,129), (45,46), (2,122), (2,114), (136,137), (230,231), (2,3),  time: 0.327471 secs
k = 14 	 ENS = 13936.153622 : (2,13), (2,216), (22,31), (16,17), (22,23), (221,222), (128,129), (45,46), (2,122), (2,114), (138,143), (230,231), (128,133), (2,3),  time: 0.336095 secs
k = 15 	 ENS = 13299.601022 : (2,13), (2,216), (22,31), (16,17), (22,23), (221,222), (221,226), (128,129), (45,46), (2,122), (2,114), (138,143), (230,231), (128,133), (2,3),  time: 0.345257 secs
k = 16 	 ENS = 12718.821598 : (2,13), (2,216), (22,31), (16,17), (22,23), (221,222), (221,226), (128,129), (238,239), (221,228), (45,46), (2,122), (2,114), (138,143), (128,133), (2,3),  time: 0.533074 secs
k = 17 	 ENS = 12227.874784 : (2,13), (2,216), (22,31), (16,17), (22,23), (221,222), (221,226), (128,129), (238,239), (221,228), (45,46), (138,139), (2,122), (2,114), (138,143), (128,133), (2,3),  time: 0.711960 secs
k = 18 	 ENS = 11749.751203 : (2,13), (2,216), (22,31), (16,17), (22,23), (221,222), (221,226), (128,129), (238,239), (221,228), (45,46), (138,139), (2,122), (218,219), (2,114), (138,143), (128,133), (2,3),  time: 0.616405 secs
k = 19 	 ENS = 11375.610251 : (2,13), (2,216), (22,31), (16,17), (22,23), (221,222), (221,226), (128,129), (238,239), (233,234), (221,228), (45,46), (138,139), (2,122), (218,219), (2,114), (138,143), (128,133), (2,3),  time: 1.054539 secs
k = 20 	 ENS = 11010.836765 : (2,13), (2,216), (22,31), (16,17), (22,23), (221,222), (125,126), (221,226), (128,129), (238,239), (233,234), (221,228), (45,46), (138,139), (2,122), (218,219), (2,114), (138,143), (128,133), (2,3),  time: 1.291288 secs
k = 21 	 ENS = 10686.956701 : (2,13), (2,216), (22,31), (16,17), (22,23), (221,222), (125,126), (221,226), (128,129), (238,239), (28,29), (233,234), (221,228), (45,46), (138,139), (2,122), (218,219), (2,114), (138,143), (128,133), (2,3),  time: 1.455765 secs
k = 22 	 ENS = 10386.921909 : (2,13), (2,216), (22,31), (16,17), (22,23), (221,222), (125,126), (221,226), (128,129), (238,239), (28,29), (233,234), (221,228), (45,46), (138,139), (2,122), (218,219), (2,114), (138,143), (150,154), (128,133), (2,3),  time: 1.856358 secs
k = 23 	 ENS = 10099.314337 : (2,13), (47,48), (2,216), (22,31), (16,17), (22,23), (221,222), (125,126), (221,226), (128,129), (238,239), (28,29), (233,234), (221,228), (138,139), (2,122), (218,219), (2,114), (40,41), (138,143), (150,154), (128,133), (2,3),  time: 2.925330 secs
k = 24 	 ENS = 9872.607637 : (2,13), (47,48), (2,216), (22,31), (16,17), (22,23), (221,222), (125,126), (221,226), (128,129), (238,239), (28,29), (233,234), (221,228), (138,139), (2,122), (218,219), (2,114), (40,41), (138,143), (150,154), (128,133), (2,3), (5,6),  time: 5.907774 secs
k = 25 	 ENS = 9663.867861 : (2,13), (47,48), (2,216), (22,31), (16,17), (22,23), (221,222), (125,126), (221,226), (128,129), (238,239), (28,29), (233,234), (221,228), (138,139), (2,122), (218,219), (2,114), (122,172), (40,41), (138,143), (150,154), (128,133), (2,3), (5,6),  time: 8.029657 secs
k = 26 	 ENS = 9469.665926 : (2,13), (47,48), (2,216), (22,31), (150,151), (16,17), (22,23), (221,222), (125,126), (221,226), (128,129), (238,239), (28,29), (233,234), (221,228), (138,139), (2,122), (218,219), (2,114), (122,172), (40,41), (138,143), (150,154), (128,133), (2,3), (5,6),  time: 12.572305 secs
k = 27 	 ENS = 9280.024128 : (2,13), (47,48), (2,216), (22,31), (150,151), (16,17), (22,23), (221,222), (125,126), (221,226), (128,129), (238,239), (28,29), (233,234), (221,228), (138,139), (2,122), (218,219), (2,114), (122,172), (40,41), (138,143), (150,154), (124,181), (128,133), (2,3), (5,6),  time: 19.070463 secs
k = 28 	 ENS = 9094.020467 : (2,13), (47,48), (2,216), (22,31), (150,151), (16,17), (146,147), (22,23), (221,222), (125,126), (221,226), (128,129), (238,239), (28,29), (233,234), (221,228), (138,139), (2,122), (218,219), (2,114), (122,172), (40,41), (138,143), (150,154), (124,181), (128,133), (2,3), (5,6),  time: 22.592817 secs
k = 29 	 ENS = 8914.447392 : (2,13), (47,48), (2,216), (22,31), (150,151), (16,17), (146,147), (22,23), (221,222), (125,126), (221,226), (128,129), (238,239), (28,29), (233,234), (221,228), (138,139), (25,26), (2,122), (218,219), (2,114), (122,172), (40,41), (138,143), (150,154), (124,181), (128,133), (2,3), (5,6),  time: 26.045910 secs
k = 30 	 ENS = 8737.341084 : (2,13), (47,48), (2,216), (22,31), (150,151), (16,17), (146,147), (22,23), (221,222), (125,126), (216,259), (221,226), (128,129), (238,239), (28,29), (233,234), (221,228), (138,139), (25,26), (2,122), (218,219), (2,114), (122,172), (40,41), (138,143), (150,154), (124,181), (128,133), (2,3), (5,6),  time: 29.360424 secs
k = 31 	 ENS = 8561.780168 : (2,13), (47,48), (2,216), (22,31), (150,151), (16,17), (146,147), (22,23), (221,222), (125,126), (216,259), (221,226), (128,129), (238,239), (28,29), (233,234), (221,228), (138,139), (123,166), (25,26), (2,122), (218,219), (2,114), (122,172), (40,41), (138,143), (150,154), (124,181), (128,133), (2,3), (5,6),  time: 37.572466 secs
k = 32 	 ENS = 8394.086831 : (2,13), (228,229), (47,48), (2,216), (22,31), (150,151), (16,17), (146,147), (22,23), (221,222), (125,126), (216,259), (221,226), (128,129), (228,230), (238,239), (28,29), (233,234), (138,139), (123,166), (25,26), (2,122), (218,219), (2,114), (122,172), (40,41), (138,143), (150,154), (124,181), (128,133), (2,3), (5,6),  time: 56.788133 secs
k = 33 	 ENS = 8234.656721 : (2,13), (228,229), (47,48), (2,216), (22,31), (150,151), (16,17), (146,147), (22,23), (221,222), (125,126), (216,259), (221,226), (128,129), (228,230), (13,87), (238,239), (28,29), (233,234), (138,139), (123,166), (25,26), (2,122), (218,219), (2,114), (122,172), (40,41), (138,143), (150,154), (124,181), (128,133), (2,3), (5,6),  time: 75.783834 secs
k = 34 	 ENS = 8086.913637 : (2,13), (228,229), (48,49), (39,40), (2,216), (22,31), (150,151), (16,17), (146,147), (22,23), (221,222), (125,126), (216,259), (221,226), (128,129), (228,230), (13,87), (238,239), (28,29), (233,234), (45,46), (138,139), (123,166), (25,26), (2,122), (218,219), (2,114), (122,172), (138,143), (150,154), (124,181), (128,133), (2,3), (5,6),  time: 103.929616 secs
k = 35 	 ENS = 7962.798811 : (2,13), (228,229), (48,49), (39,40), (2,216), (22,31), (150,151), (16,17), (146,147), (22,23), (221,222), (125,126), (216,259), (221,226), (128,129), (228,230), (13,87), (238,239), (28,29), (233,234), (45,46), (24,66), (138,139), (123,166), (25,26), (2,122), (218,219), (2,114), (122,172), (138,143), (150,154), (124,181), (128,133), (2,3), (5,6),  time: 161.120730 secs
k = 36 	 ENS = 7846.276561 : (2,13), (228,229), (48,49), (39,40), (2,216), (22,31), (150,151), (16,17), (146,147), (216,260), (22,23), (221,222), (125,126), (216,259), (221,226), (128,129), (228,230), (13,87), (238,239), (28,29), (233,234), (45,46), (24,66), (138,139), (123,166), (25,26), (2,122), (218,219), (2,114), (122,172), (138,143), (150,154), (124,181), (128,133), (2,3), (5,6),  time: 186.750958 secs
k = 37 	 ENS = 7729.765135 : (2,13), (228,229), (48,49), (39,40), (2,216), (22,31), (150,151), (16,17), (146,147), (216,260), (22,23), (221,222), (125,126), (216,259), (221,226), (128,129), (228,230), (13,87), (238,239), (28,29), (233,234), (135,183), (45,46), (24,66), (138,139), (123,166), (25,26), (2,122), (218,219), (2,114), (122,172), (138,143), (150,154), (124,181), (128,133), (2,3), (5,6),  time: 208.348712 secs
k = 38 	 ENS = 7614.393395 : (2,13), (228,229), (48,49), (39,40), (2,216), (22,31), (150,151), (16,17), (146,147), (216,260), (22,23), (221,222), (125,126), (216,259), (221,226), (128,129), (228,230), (13,87), (238,239), (28,29), (233,234), (135,183), (45,46), (24,66), (138,139), (123,166), (25,26), (2,122), (21,62), (218,219), (2,114), (122,172), (138,143), (150,154), (124,181), (128,133), (2,3), (5,6),  time: 265.842973 secs
k = 39 	 ENS = 7499.502907 : (2,13), (228,229), (232,254), (48,49), (39,40), (2,216), (22,31), (150,151), (16,17), (146,147), (216,260), (22,23), (221,222), (125,126), (216,259), (221,226), (128,129), (228,230), (13,87), (238,239), (28,29), (233,234), (135,183), (45,46), (24,66), (138,139), (123,166), (25,26), (2,122), (21,62), (218,219), (2,114), (122,172), (138,143), (150,154), (124,181), (128,133), (2,3), (5,6),  time: 304.892408 secs
k = 40 	 ENS = 7394.013592 : (2,13), (228,229), (217,262), (232,254), (48,49), (39,40), (2,216), (22,31), (150,151), (16,17), (146,147), (216,260), (22,23), (221,222), (125,126), (216,259), (221,226), (128,129), (228,230), (13,87), (238,239), (28,29), (233,234), (135,183), (45,46), (24,66), (138,139), (123,166), (25,26), (2,122), (21,62), (218,219), (2,114), (122,172), (138,143), (150,154), (124,181), (128,133), (2,3), (5,6),  time: 342.537287 secs
k = 41 	 ENS = 7288.620447 : (2,13), (228,229), (217,262), (232,254), (48,49), (39,40), (2,216), (22,31), (150,151), (16,17), (146,147), (216,260), (22,23), (14,70), (221,222), (125,126), (216,259), (221,226), (128,129), (228,230), (13,87), (238,239), (28,29), (233,234), (135,183), (45,46), (24,66), (138,139), (123,166), (25,26), (2,122), (21,62), (218,219), (2,114), (122,172), (138,143), (150,154), (124,181), (128,133), (2,3), (5,6),  time: 421.872811 secs
k = 42 	 ENS = 7183.227302 : (2,13), (228,229), (217,262), (232,254), (48,49), (39,40), (2,216), (22,31), (150,151), (16,17), (146,147), (216,260), (22,23), (14,70), (221,222), (125,126), (15,58), (216,259), (221,226), (128,129), (228,230), (13,87), (238,239), (28,29), (233,234), (135,183), (45,46), (24,66), (138,139), (123,166), (25,26), (2,122), (21,62), (218,219), (2,114), (122,172), (138,143), (150,154), (124,181), (128,133), (2,3), (5,6),  time: 441.878078 secs
k = 43 	 ENS = 7079.474384 : (2,13), (228,229), (217,262), (232,254), (48,49), (2,216), (22,31), (150,151), (16,17), (146,147), (216,260), (41,95), (22,23), (14,70), (221,222), (125,126), (15,58), (216,259), (221,226), (128,129), (228,230), (13,87), (238,239), (28,29), (233,234), (135,183), (45,46), (24,66), (138,139), (123,166), (25,26), (2,122), (21,62), (218,219), (2,114), (122,172), (138,143), (150,154), (124,181), (128,133), (2,3), (41,42), (5,6),  time: 477.707946 secs
k = 44 	 ENS = 6975.988848 : (2,13), (228,229), (217,262), (232,254), (48,49), (2,216), (22,31), (150,151), (16,17), (146,147), (216,260), (41,95), (22,23), (14,70), (221,222), (125,126), (15,58), (216,259), (221,226), (128,129), (228,230), (13,87), (238,239), (28,29), (233,234), (135,183), (45,46), (24,66), (138,139), (123,166), (25,26), (2,122), (21,62), (218,219), (2,114), (122,172), (138,143), (150,154), (34,35), (124,181), (128,133), (2,3), (41,42), (5,6),  time: 485.787480 secs
k = 45 	 ENS = 6877.015848 : (2,13), (228,229), (217,262), (232,254), (48,49), (2,216), (22,31), (150,151), (16,17), (146,147), (216,260), (41,95), (22,23), (14,70), (221,222), (125,126), (15,58), (216,259), (221,226), (128,129), (228,230), (13,87), (238,239), (28,29), (233,234), (135,183), (45,46), (24,66), (138,139), (123,166), (25,26), (2,122), (21,62), (218,219), (2,114), (122,172), (138,143), (150,154), (34,35), (124,181), (128,133), (130,132), (2,3), (41,42), (5,6),  time: 571.075178 secs
k = 46 	 ENS = 6778.743198 : (2,13), (228,229), (217,262), (232,254), (48,49), (2,216), (233,238), (22,31), (150,151), (16,17), (146,147), (216,260), (41,95), (22,23), (14,70), (221,222), (125,126), (15,58), (216,259), (221,226), (128,129), (228,230), (13,87), (28,29), (233,234), (135,183), (45,46), (24,66), (138,139), (123,166), (240,241), (25,26), (2,122), (21,62), (218,219), (2,114), (122,172), (138,143), (150,154), (34,35), (124,181), (128,133), (130,132), (2,3), (41,42), (5,6),  time: 606.382321 secs
k = 47 	 ENS = 6688.028798 : (2,13), (228,229), (217,262), (232,254), (48,49), (2,216), (233,238), (22,31), (150,151), (16,17), (146,147), (216,260), (41,95), (22,23), (14,70), (221,222), (125,126), (15,58), (216,259), (221,226), (128,129), (228,230), (13,87), (28,29), (233,234), (135,183), (45,46), (24,66), (138,139), (123,166), (240,241), (134,190), (25,26), (2,122), (21,62), (218,219), (2,114), (122,172), (138,143), (150,154), (34,35), (124,181), (128,133), (130,132), (2,3), (41,42), (5,6),  time: 692.005973 secs
k = 48 	 ENS = 6601.719707 : (2,13), (228,229), (217,262), (232,254), (48,49), (2,216), (233,238), (22,31), (150,151), (16,17), (146,147), (216,260), (41,95), (22,23), (14,70), (136,175), (221,222), (125,126), (15,58), (216,259), (221,226), (128,129), (228,230), (13,87), (28,29), (233,234), (135,183), (45,46), (24,66), (138,139), (123,166), (240,241), (134,190), (25,26), (2,122), (21,62), (218,219), (2,114), (122,172), (138,143), (150,154), (34,35), (124,181), (128,133), (130,132), (2,3), (41,42), (5,6),  time: 1033.716877 secs
k = 49 	 ENS = 6515.901425 : (2,13), (228,229), (217,262), (232,254), (48,49), (39,40), (2,216), (233,238), (44,98), (22,31), (150,151), (16,17), (146,147), (216,260), (41,95), (22,23), (14,70), (136,175), (221,222), (125,126), (15,58), (216,259), (221,226), (128,129), (228,230), (13,87), (28,29), (233,234), (135,183), (45,46), (24,66), (138,139), (123,166), (240,241), (134,190), (25,26), (2,122), (21,62), (218,219), (2,114), (122,172), (138,143), (150,154), (34,35), (124,181), (128,133), (130,132), (2,3), (5,6),  time: 1386.688573 secs
Total time: 7996.189167 secs