k = 0 	 ENS = 7202.212930 :  time: 0.004224 secs
k = 1 	 ENS = 4782.325420 : (15,16),  time: 0.004278 secs
k = 2 	 ENS = 3658.654148 : (15,16), (2,3),  time: 0.003799 secs
k = 3 	 ENS = 3038.703381 : (16,21), (16,17), (2,3),  time: 0.007347 secs
k = 4 	 ENS = 2476.754453 : (22,23), (16,17), (2,3), (22,32),  time: 0.007670 secs
k = 5 	 ENS = 2114.282861 : (22,23), (2,13), (16,17), (2,3), (22,32),  time: 0.015702 secs
k = 6 	 ENS = 1887.576161 : (22,23), (2,13), (5,6), (16,17), (2,3), (22,32),  time: 0.015290 secs
k = 7 	 ENS = 1784.090625 : (22,23), (2,13), (5,6), (35,36), (16,17), (2,3), (22,32),  time: 0.025239 secs
k = 8 	 ENS = 1702.562780 : (22,23), (2,13), (5,6), (35,36), (16,17), (2,3), (22,32), (13,72),  time: 0.023509 secs
k = 9 	 ENS = 1632.034568 : (22,23), (2,13), (5,6), (35,36), (16,17), (25,27), (2,3), (22,32), (13,72),  time: 0.027376 secs
k = 10 	 ENS = 1561.840177 : (22,23), (7,9), (2,13), (35,36), (16,17), (25,27), (2,3), (7,8), (22,32), (13,72),  time: 0.042624 secs
k = 11 	 ENS = 1502.624041 : (22,23), (7,9), (2,13), (35,36), (16,17), (25,27), (2,3), (7,8), (22,32), (21,47), (13,72),  time: 0.045186 secs
k = 12 	 ENS = 1447.158474 : (22,23), (7,9), (2,13), (35,36), (16,17), (3,74), (25,27), (7,8), (22,32), (21,47), (3,4), (13,72),  time: 0.059931 secs
k = 13 	 ENS = 1393.840066 : (22,23), (7,9), (2,13), (35,36), (16,17), (3,74), (25,27), (7,8), (22,32), (21,47), (3,4), (15,43), (13,72),  time: 0.067447 secs
k = 14 	 ENS = 1340.521658 : (22,23), (14,55), (7,9), (2,13), (35,36), (16,17), (3,74), (25,27), (7,8), (22,32), (21,47), (3,4), (15,43), (13,72),  time: 0.072911 secs
k = 15 	 ENS = 1296.603080 : (22,23), (14,55), (7,9), (2,13), (35,36), (16,17), (3,74), (6,1), (25,27), (7,8), (22,32), (21,47), (3,4), (15,43), (13,72),  time: 0.078807 secs
k = 16 	 ENS = 1253.617352 : (22,23), (14,55), (7,9), (2,13), (35,36), (16,17), (3,74), (6,1), (25,27), (7,8), (22,32), (4,75), (21,47), (3,4), (15,43), (13,72),  time: 0.113524 secs
k = 17 	 ENS = 1215.811829 : (22,23), (14,55), (7,9), (2,13), (16,17), (3,74), (6,1), (36,38), (25,27), (7,8), (22,32), (4,75), (21,47), (36,37), (3,4), (15,43), (13,72),  time: 0.124488 secs
k = 18 	 ENS = 1179.493679 : (22,23), (14,55), (7,9), (2,13), (16,17), (3,74), (6,1), (36,38), (25,27), (7,8), (22,32), (4,75), (21,47), (36,37), (25,26), (3,4), (15,43), (13,72),  time: 0.154578 secs
k = 19 	 ENS = 1144.024223 : (22,23), (14,55), (7,9), (2,13), (16,17), (3,74), (6,1), (36,38), (25,27), (7,8), (22,32), (32,57), (4,75), (21,47), (36,37), (25,26), (3,4), (15,43), (13,72),  time: 0.164083 secs
k = 20 	 ENS = 1114.371980 : (22,23), (14,55), (7,9), (2,13), (16,17), (3,74), (6,1), (36,38), (25,27), (7,8), (22,32), (32,57), (4,75), (21,47), (36,37), (25,26), (34,59), (3,4), (15,43), (13,72),  time: 0.302836 secs
k = 21 	 ENS = 1083.414529 : (22,23), (14,55), (16,21), (7,9), (2,13), (32,56), (16,17), (3,74), (6,1), (36,38), (25,27), (32,33), (7,8), (32,57), (4,75), (21,47), (36,37), (25,26), (3,4), (15,43), (13,72),  time: 0.292763 secs
k = 22 	 ENS = 1054.698608 : (22,23), (14,55), (16,21), (7,9), (2,13), (32,56), (16,17), (3,74), (5,76), (6,1), (36,38), (25,27), (32,33), (7,8), (32,57), (4,75), (21,47), (36,37), (25,26), (3,4), (15,43), (13,72),  time: 0.359471 secs
k = 23 	 ENS = 1026.052228 : (22,23), (14,55), (16,21), (7,9), (2,13), (32,56), (24,51), (16,17), (3,74), (5,76), (6,1), (36,38), (25,27), (32,33), (7,8), (32,57), (4,75), (21,47), (36,37), (25,26), (3,4), (15,43), (13,72),  time: 0.329286 secs
k = 24 	 ENS = 1000.484520 : (22,23), (14,55), (16,21), (2,13), (32,56), (24,51), (5,6), (16,17), (3,74), (5,76), (6,1), (36,38), (25,27), (32,33), (2,3), (7,8), (32,57), (4,75), (21,47), (36,37), (25,26), (9,10), (15,43), (13,72),  time: 0.317145 secs
k = 25 	 ENS = 977.154075 : (22,23), (14,55), (16,21), (2,13), (32,56), (24,51), (5,6), (16,17), (3,74), (5,76), (6,1), (36,38), (25,27), (32,33), (2,3), (7,8), (32,57), (4,75), (21,47), (36,37), (25,26), (34,59), (9,10), (15,43), (13,72),  time: 0.325001 secs
k = 26 	 ENS = 954.603825 : (22,23), (14,55), (16,21), (2,13), (32,56), (24,51), (5,6), (16,17), (3,74), (5,76), (6,1), (36,38), (25,27), (32,33), (2,3), (7,8), (32,57), (4,75), (21,47), (18,19), (36,37), (25,26), (34,59), (9,10), (15,43), (13,72),  time: 0.362182 secs
k = 27 	 ENS = 933.057181 : (22,23), (14,55), (16,21), (2,13), (32,56), (24,51), (5,6), (16,17), (3,74), (5,76), (6,1), (36,38), (25,27), (32,33), (2,3), (9,69), (7,8), (32,57), (4,75), (21,47), (18,19), (36,37), (25,26), (34,59), (9,10), (15,43), (13,72),  time: 0.342802 secs
k = 28 	 ENS = 916.769161 : (22,23), (14,55), (16,21), (2,13), (32,56), (24,51), (5,6), (16,17), (3,74), (5,76), (6,1), (36,38), (25,27), (32,33), (2,3), (9,69), (7,8), (32,57), (33,58), (4,75), (21,47), (18,19), (36,37), (25,26), (34,59), (9,10), (15,43), (13,72),  time: 0.380281 secs
k = 29 	 ENS = 901.070077 : (22,23), (14,55), (16,21), (2,13), (32,56), (24,51), (5,6), (27,52), (16,17), (3,74), (5,76), (6,1), (36,38), (32,33), (2,3), (9,69), (7,8), (32,57), (33,58), (4,75), (21,47), (18,19), (36,37), (25,26), (34,59), (9,10), (15,43), (13,72), (27,28),  time: 0.418809 secs
k = 30 	 ENS = 885.776949 : (22,23), (14,55), (16,21), (2,13), (35,48), (32,56), (24,51), (5,6), (27,52), (16,17), (3,74), (5,76), (6,1), (36,38), (2,3), (9,69), (7,8), (22,32), (32,57), (33,58), (4,75), (21,47), (18,19), (36,37), (25,26), (34,59), (9,10), (15,43), (13,72), (27,28),  time: 0.540928 secs
k = 31 	 ENS = 870.834109 : (22,23), (14,55), (16,21), (2,13), (35,48), (32,56), (24,51), (5,6), (27,52), (16,17), (3,74), (5,76), (6,1), (36,38), (2,3), (9,69), (7,8), (22,32), (32,57), (33,58), (4,75), (21,47), (18,19), (36,37), (25,26), (34,59), (9,10), (15,43), (13,72), (23,50), (27,28),  time: 0.467151 secs
k = 32 	 ENS = 856.964597 : (22,23), (14,55), (16,21), (2,13), (35,48), (32,56), (10,42), (24,51), (5,6), (27,52), (16,17), (3,74), (5,76), (6,1), (36,38), (2,3), (9,69), (7,8), (22,32), (32,57), (33,58), (4,75), (21,47), (18,19), (36,37), (25,26), (34,59), (9,10), (15,43), (13,72), (23,50), (27,28),  time: 0.570316 secs
k = 33 	 ENS = 844.240757 : (22,23), (14,55), (16,21), (2,13), (11,67), (35,48), (32,56), (10,42), (24,51), (5,6), (27,52), (16,17), (3,74), (5,76), (6,1), (36,38), (2,3), (9,69), (7,8), (22,32), (32,57), (33,58), (4,75), (21,47), (18,19), (36,37), (25,26), (34,59), (9,10), (15,43), (13,72), (23,50), (27,28),  time: 0.592292 secs
k = 34 	 ENS = 832.004156 : (22,23), (14,55), (16,21), (2,13), (11,67), (35,48), (32,56), (10,42), (24,51), (15,16), (5,6), (27,52), (16,17), (3,74), (5,76), (6,1), (36,38), (2,3), (9,69), (7,8), (22,32), (32,57), (33,58), (4,75), (21,47), (18,19), (36,37), (25,26), (34,59), (9,10), (15,43), (13,72), (23,50), (27,28),  time: 0.590834 secs
k = 35 	 ENS = 820.128196 : (22,23), (14,55), (16,21), (2,13), (11,67), (35,48), (32,56), (10,42), (24,51), (15,16), (5,6), (27,52), (16,17), (3,74), (5,76), (6,1), (36,38), (2,3), (9,69), (7,8), (22,32), (32,57), (33,58), (4,75), (21,47), (18,19), (36,37), (25,26), (34,59), (9,10), (15,43), (10,68), (13,72), (23,50), (27,28),  time: 0.647171 secs
k = 36 	 ENS = 808.764371 : (22,23), (14,55), (16,21), (2,13), (11,67), (35,48), (32,56), (10,42), (24,51), (15,16), (5,6), (27,52), (16,17), (3,74), (5,76), (6,1), (36,38), (2,3), (9,69), (18,41), (7,8), (22,32), (32,57), (33,58), (4,75), (21,47), (18,19), (36,37), (25,26), (34,59), (9,10), (15,43), (10,68), (13,72), (23,50), (27,28),  time: 0.709463 secs
k = 37 	 ENS = 799.285871 : (22,23), (14,55), (16,21), (2,13), (11,67), (35,48), (32,56), (10,42), (24,51), (15,16), (5,6), (27,52), (16,17), (3,74), (5,76), (6,1), (36,38), (2,3), (9,69), (18,41), (7,8), (22,32), (24,25), (32,57), (33,58), (4,75), (21,47), (18,19), (36,37), (25,26), (34,59), (9,10), (15,43), (10,68), (13,72), (23,50), (27,28),  time: 0.718928 secs
k = 38 	 ENS = 791.310371 : (22,23), (14,55), (16,21), (2,13), (11,67), (35,48), (32,56), (10,42), (24,51), (15,16), (5,6), (27,52), (16,17), (3,74), (5,76), (6,1), (36,38), (2,3), (9,69), (18,41), (7,8), (22,32), (24,25), (32,57), (33,58), (4,75), (21,47), (18,19), (36,37), (25,26), (34,59), (9,10), (3,4), (15,43), (10,68), (13,72), (23,50), (27,28),  time: 1.034695 secs
k = 39 	 ENS = 783.547226 : (22,23), (14,55), (16,21), (2,13), (11,67), (35,48), (32,56), (10,42), (24,51), (15,16), (5,6), (27,52), (16,17), (3,74), (19,40), (5,76), (6,1), (36,38), (2,3), (9,69), (18,41), (7,8), (22,32), (24,25), (19,20), (32,57), (33,58), (4,75), (21,47), (36,37), (25,26), (34,59), (9,10), (3,4), (15,43), (10,68), (13,72), (23,50), (27,28),  time: 1.666993 secs
k = 40 	 ENS = 775.614449 : (22,23), (14,55), (16,21), (34,35), (2,13), (11,67), (35,48), (32,56), (10,42), (24,51), (15,16), (5,6), (27,52), (16,17), (38,61), (3,74), (5,76), (6,1), (2,3), (9,69), (18,41), (7,8), (22,32), (24,25), (32,57), (33,58), (38,39), (4,75), (21,47), (18,19), (36,37), (25,26), (34,59), (9,10), (3,4), (15,43), (10,68), (13,72), (23,50), (27,28),  time: 1.641239 secs
k = 41 	 ENS = 767.851304 : (22,23), (14,55), (16,21), (34,35), (2,13), (11,67), (35,48), (32,56), (10,42), (24,51), (15,16), (5,6), (27,52), (16,17), (38,61), (3,74), (19,40), (5,76), (6,1), (2,3), (9,69), (18,41), (7,8), (22,32), (24,25), (19,20), (32,57), (33,58), (38,39), (4,75), (21,47), (36,37), (25,26), (34,59), (9,10), (3,4), (15,43), (10,68), (13,72), (23,50), (27,28),  time: 1.653682 secs
k = 42 	 ENS = 760.528089 : (22,23), (14,55), (16,21), (34,35), (7,9), (2,13), (11,67), (35,48), (32,56), (10,42), (24,51), (15,16), (5,6), (27,52), (16,17), (38,61), (3,74), (19,40), (5,76), (6,1), (2,3), (9,69), (18,41), (7,8), (22,32), (24,25), (19,20), (32,57), (33,58), (38,39), (4,75), (21,47), (36,37), (25,26), (34,59), (3,4), (15,43), (11,12), (10,68), (13,72), (23,50), (27,28),  time: 1.923984 secs
k = 43 	 ENS = 753.392963 : (22,23), (14,55), (16,21), (34,35), (30,31), (2,13), (11,67), (35,48), (32,56), (10,42), (24,51), (30,53), (15,16), (5,6), (27,52), (16,17), (38,61), (3,74), (19,40), (5,76), (6,1), (28,29), (2,3), (9,69), (18,41), (7,8), (22,32), (24,25), (19,20), (32,57), (33,58), (38,39), (4,75), (21,47), (36,37), (25,26), (34,59), (9,10), (3,4), (15,43), (10,68), (13,72), (23,50),  time: 2.151800 secs
k = 44 	 ENS = 746.069748 : (22,23), (14,55), (16,21), (34,35), (30,31), (7,9), (2,13), (11,67), (35,48), (32,56), (10,42), (24,51), (30,53), (15,16), (5,6), (27,52), (16,17), (38,61), (3,74), (19,40), (5,76), (6,1), (28,29), (2,3), (9,69), (18,41), (7,8), (22,32), (24,25), (19,20), (32,57), (33,58), (38,39), (4,75), (21,47), (36,37), (25,26), (34,59), (3,4), (15,43), (11,12), (10,68), (13,72), (23,50),  time: 1.657977 secs
k = 45 	 ENS = 739.796518 : (22,23), (14,55), (16,21), (34,35), (30,31), (17,44), (7,9), (2,13), (11,67), (35,48), (32,56), (10,42), (24,51), (30,53), (15,16), (5,6), (27,52), (16,17), (38,61), (3,74), (19,40), (5,76), (6,1), (28,29), (2,3), (9,69), (18,41), (7,8), (22,32), (24,25), (19,20), (32,57), (33,58), (38,39), (4,75), (21,47), (36,37), (25,26), (34,59), (3,4), (15,43), (11,12), (10,68), (13,72), (23,50),  time: 1.896995 secs
k = 46 	 ENS = 733.644292 : (22,23), (14,55), (16,21), (30,31), (17,44), (7,9), (2,13), (11,67), (35,48), (32,56), (10,42), (39,63), (24,51), (30,53), (15,16), (5,6), (27,52), (16,17), (38,61), (3,74), (19,40), (5,76), (6,1), (36,38), (28,29), (32,33), (2,3), (9,69), (18,41), (7,8), (22,32), (24,25), (19,20), (32,57), (33,58), (4,75), (21,47), (36,37), (25,26), (34,59), (3,4), (15,43), (11,12), (10,68), (13,72), (23,50),  time: 1.646435 secs
k = 47 	 ENS = 728.539654 : (22,23), (14,55), (16,21), (30,31), (17,44), (7,9), (2,13), (11,67), (35,48), (32,56), (10,42), (39,63), (24,51), (30,53), (15,16), (5,6), (27,52), (16,17), (38,61), (3,74), (19,40), (5,76), (6,1), (36,38), (25,27), (28,29), (32,33), (2,3), (9,69), (18,41), (7,8), (22,32), (24,25), (19,20), (32,57), (33,58), (4,75), (21,47), (36,37), (25,26), (34,59), (3,4), (15,43), (11,12), (10,68), (13,72), (23,50),  time: 1.749272 secs
k = 48 	 ENS = 723.991684 : (22,23), (14,55), (16,21), (30,31), (17,44), (7,9), (2,13), (11,67), (35,48), (32,56), (10,42), (39,63), (24,51), (30,53), (15,16), (5,6), (27,52), (16,17), (38,61), (3,74), (19,40), (5,76), (6,1), (36,38), (25,27), (28,29), (32,33), (2,3), (9,69), (18,41), (7,8), (22,32), (24,25), (19,20), (32,57), (33,58), (4,75), (39,62), (21,47), (36,37), (25,26), (34,59), (3,4), (15,43), (11,12), (10,68), (13,72), (23,50),  time: 1.946733 secs
k = 49 	 ENS = 719.696584 : (22,23), (14,55), (16,21), (30,31), (17,44), (7,9), (2,13), (11,67), (35,48), (32,56), (10,42), (39,63), (24,51), (30,53), (15,16), (5,6), (27,52), (16,17), (38,61), (3,74), (19,40), (5,76), (6,1), (36,38), (25,27), (28,29), (32,33), (2,3), (8,64), (9,69), (18,41), (7,8), (22,32), (24,25), (19,20), (32,57), (33,58), (4,75), (39,62), (21,47), (36,37), (25,26), (34,59), (3,4), (15,43), (11,12), (10,68), (13,72), (23,50),  time: 2.245989 secs
k = 50 	 ENS = 715.501584 : (22,23), (14,55), (16,21), (30,31), (17,44), (7,9), (2,13), (11,67), (35,48), (32,56), (10,42), (39,63), (24,51), (30,53), (15,16), (5,6), (27,52), (16,17), (38,61), (3,74), (19,40), (5,76), (6,1), (36,38), (25,27), (28,29), (32,33), (2,3), (8,64), (9,69), (18,41), (7,8), (22,32), (24,25), (19,20), (32,57), (33,58), (4,75), (39,62), (21,47), (36,37), (25,26), (34,59), (9,10), (3,4), (15,43), (11,12), (10,68), (13,72), (23,50),  time: 1.985962 secs
k = 51 	 ENS = 712.005084 : (22,23), (14,55), (16,21), (34,35), (30,31), (17,44), (7,9), (2,13), (11,67), (35,48), (32,56), (10,42), (39,63), (24,51), (30,53), (15,16), (5,6), (27,52), (16,17), (38,61), (3,74), (19,40), (5,76), (6,1), (36,38), (25,27), (28,29), (32,33), (2,3), (8,64), (9,69), (18,41), (7,8), (22,32), (24,25), (19,20), (32,57), (33,58), (4,75), (39,62), (21,47), (36,37), (25,26), (34,59), (9,10), (3,4), (15,43), (11,12), (10,68), (13,72), (23,50),  time: 2.918537 secs
k = 52 	 ENS = 708.751119 : (31,66), (22,23), (31,65), (14,55), (16,21), (34,35), (17,44), (7,9), (2,13), (11,67), (35,48), (32,56), (10,42), (39,63), (24,51), (30,53), (15,16), (5,6), (27,52), (16,17), (38,61), (3,74), (19,40), (5,76), (6,1), (36,38), (25,27), (28,29), (32,33), (2,3), (8,64), (9,69), (18,41), (7,8), (22,32), (24,25), (19,20), (32,57), (33,58), (4,75), (39,62), (21,47), (36,37), (25,26), (34,59), (9,10), (3,4), (15,43), (11,12), (10,68), (13,72), (23,50),  time: 2.457905 secs
k = 53 	 ENS = 705.750319 : (31,66), (22,23), (31,65), (14,55), (16,21), (34,35), (17,44), (7,9), (2,13), (11,67), (35,48), (32,56), (10,42), (39,63), (24,51), (30,53), (15,16), (5,6), (27,52), (16,17), (20,46), (38,61), (3,74), (19,40), (5,76), (6,1), (36,38), (25,27), (28,29), (32,33), (2,3), (8,64), (9,69), (18,41), (7,8), (22,32), (24,25), (19,20), (32,57), (33,58), (4,75), (39,62), (21,47), (36,37), (25,26), (34,59), (9,10), (3,4), (15,43), (11,12), (10,68), (13,72), (23,50),  time: 2.748888 secs
k = 54 	 ENS = 702.607234 : (31,66), (22,23), (31,65), (14,55), (16,21), (34,35), (17,44), (7,9), (2,13), (11,67), (35,48), (32,56), (10,42), (39,63), (20,45), (24,51), (30,53), (15,16), (5,6), (27,52), (16,17), (20,46), (38,61), (3,74), (19,40), (5,76), (6,1), (36,38), (25,27), (28,29), (32,33), (2,3), (8,64), (9,69), (18,41), (7,8), (22,32), (24,25), (32,57), (33,58), (4,75), (39,62), (21,47), (18,19), (36,37), (25,26), (34,59), (9,10), (3,4), (15,43), (11,12), (10,68), (13,72), (23,50),  time: 3.197670 secs
k = 55 	 ENS = 699.909007 : (31,66), (22,23), (31,65), (14,55), (16,21), (34,35), (17,44), (7,9), (2,13), (11,67), (35,48), (32,56), (10,42), (39,63), (20,45), (24,51), (30,53), (15,16), (5,6), (27,52), (16,17), (20,46), (38,61), (3,74), (19,40), (5,76), (6,1), (36,38), (26,71), (25,27), (28,29), (32,33), (2,3), (8,64), (9,69), (18,41), (7,8), (22,32), (24,25), (32,57), (33,58), (4,75), (39,62), (21,47), (18,19), (36,37), (25,26), (34,59), (9,10), (3,4), (15,43), (11,12), (10,68), (13,72), (23,50),  time: 2.286070 secs
k = 56 	 ENS = 697.243414 : (31,66), (22,23), (31,65), (14,55), (16,21), (34,35), (17,44), (7,9), (2,13), (11,67), (35,48), (32,56), (10,42), (39,63), (20,45), (24,51), (30,53), (15,16), (5,6), (27,52), (16,17), (20,46), (38,61), (3,74), (19,40), (5,76), (6,1), (36,38), (26,71), (25,27), (28,29), (8,54), (32,33), (2,3), (8,64), (9,69), (18,41), (7,8), (22,32), (24,25), (32,57), (33,58), (4,75), (39,62), (21,47), (18,19), (36,37), (25,26), (34,59), (9,10), (3,4), (15,43), (11,12), (10,68), (13,72), (23,50),  time: 1.891849 secs
k = 57 	 ENS = 694.598089 : (31,66), (22,23), (31,65), (14,55), (16,21), (34,35), (17,44), (7,9), (2,13), (11,67), (35,48), (32,56), (10,42), (39,63), (20,45), (24,51), (30,53), (15,16), (5,6), (27,52), (16,17), (20,46), (38,61), (3,74), (19,40), (5,76), (6,1), (36,38), (26,71), (25,27), (28,29), (8,54), (32,33), (2,3), (8,64), (9,69), (18,41), (7,8), (22,32), (24,25), (32,57), (33,58), (4,75), (39,62), (21,47), (18,19), (36,37), (25,26), (34,59), (9,10), (3,4), (15,43), (11,12), (10,68), (13,72), (23,50), (27,28),  time: 1.243889 secs
k = 58 	 ENS = 692.235841 : (31,66), (22,23), (31,65), (14,55), (16,21), (34,35), (17,44), (7,9), (2,13), (11,67), (35,48), (32,56), (10,42), (39,63), (20,45), (24,51), (30,53), (15,16), (5,6), (27,52), (37,49), (16,17), (20,46), (38,61), (3,74), (19,40), (5,76), (6,1), (36,38), (26,71), (25,27), (28,29), (8,54), (32,33), (2,3), (8,64), (9,69), (18,41), (7,8), (22,32), (24,25), (32,57), (33,58), (4,75), (39,62), (21,47), (18,19), (36,37), (25,26), (34,59), (9,10), (3,4), (15,43), (11,12), (10,68), (13,72), (23,50), (27,28),  time: 1.148340 secs
k = 59 	 ENS = 690.149241 : (31,66), (22,23), (31,65), (14,55), (16,21), (34,35), (17,44), (7,9), (2,13), (11,67), (35,48), (32,56), (10,42), (39,63), (20,45), (24,51), (30,53), (15,16), (5,6), (27,52), (37,49), (16,17), (20,46), (38,61), (3,74), (19,40), (5,76), (6,1), (36,38), (26,71), (25,27), (28,29), (8,54), (32,33), (2,3), (8,64), (9,69), (18,41), (7,8), (22,32), (37,60), (24,25), (32,57), (33,58), (4,75), (39,62), (21,47), (18,19), (36,37), (25,26), (34,59), (9,10), (3,4), (15,43), (11,12), (10,68), (13,72), (23,50), (27,28),  time: 0.879596 secs
k = 60 	 ENS = 688.092228 : (31,66), (22,23), (31,65), (14,55), (16,21), (34,35), (17,44), (7,9), (2,13), (11,67), (35,48), (32,56), (10,42), (39,63), (20,45), (24,51), (30,53), (15,16), (5,6), (27,52), (37,49), (16,17), (20,46), (38,61), (3,74), (19,40), (5,76), (6,1), (36,38), (26,71), (25,27), (28,29), (8,54), (32,33), (2,3), (8,64), (9,69), (18,41), (7,8), (22,32), (37,60), (24,25), (32,57), (33,58), (4,75), (39,62), (21,47), (18,19), (36,37), (25,26), (34,59), (9,10), (26,70), (3,4), (15,43), (11,12), (10,68), (13,72), (23,50), (27,28),  time: 0.983247 secs
k = 61 	 ENS = 686.051703 : (31,66), (22,23), (31,65), (14,55), (16,21), (34,35), (17,44), (7,9), (2,13), (11,67), (35,48), (32,56), (10,42), (39,63), (20,45), (24,51), (30,53), (15,16), (5,6), (27,52), (37,49), (16,17), (20,46), (38,61), (4,5), (3,74), (19,40), (5,76), (6,1), (36,38), (26,71), (25,27), (28,29), (8,54), (32,33), (2,3), (8,64), (9,69), (18,41), (7,8), (22,32), (37,60), (24,25), (32,57), (33,58), (4,75), (39,62), (21,47), (18,19), (36,37), (25,26), (34,59), (9,10), (26,70), (3,4), (15,43), (11,12), (10,68), (13,72), (23,50), (27,28),  time: 0.435785 secs
k = 62 	 ENS = 684.638053 : (31,66), (22,23), (31,65), (14,55), (16,21), (34,35), (17,44), (7,9), (2,13), (11,67), (35,48), (32,56), (10,42), (39,63), (20,45), (24,51), (30,53), (15,16), (5,6), (27,52), (37,49), (16,17), (20,46), (38,61), (4,5), (3,74), (19,40), (5,76), (6,1), (36,38), (26,71), (25,27), (28,29), (8,54), (32,33), (2,3), (8,64), (9,69), (18,41), (7,8), (22,32), (37,60), (24,25), (32,57), (33,58), (4,75), (39,62), (21,47), (18,19), (36,37), (25,26), (34,59), (9,10), (26,70), (3,4), (15,43), (11,12), (10,68), (13,72), (23,50), (21,22), (27,28),  time: 0.361444 secs
k = 63 	 ENS = 683.413553 : (31,66), (22,23), (31,65), (14,55), (16,21), (34,35), (17,44), (7,9), (2,13), (11,67), (35,48), (32,56), (10,42), (39,63), (20,45), (24,51), (30,53), (15,16), (5,6), (27,52), (37,49), (16,17), (20,46), (38,61), (4,5), (3,74), (19,40), (5,76), (6,1), (36,38), (26,71), (25,27), (28,29), (8,54), (32,33), (2,3), (8,64), (9,69), (18,41), (7,8), (22,32), (37,60), (24,25), (32,57), (33,58), (4,75), (39,62), (21,47), (23,24), (18,19), (36,37), (25,26), (34,59), (9,10), (26,70), (3,4), (15,43), (11,12), (10,68), (13,72), (23,50), (21,22), (27,28),  time: 0.274742 secs
k = 64 	 ENS = 682.223228 : (31,66), (22,23), (31,65), (14,55), (16,21), (34,35), (17,44), (7,9), (2,13), (11,67), (35,48), (32,56), (10,42), (39,63), (20,45), (24,51), (30,53), (15,16), (5,6), (27,52), (37,49), (16,17), (20,46), (38,61), (4,5), (3,74), (19,40), (5,76), (6,1), (36,38), (26,71), (25,27), (28,29), (8,54), (32,33), (2,3), (8,64), (9,69), (18,41), (7,8), (22,32), (37,60), (24,25), (32,57), (33,58), (4,75), (39,62), (21,47), (23,24), (18,19), (36,37), (25,26), (34,59), (9,10), (26,70), (17,18), (3,4), (15,43), (11,12), (10,68), (13,72), (23,50), (21,22), (27,28),  time: 0.191077 secs
k = 65 	 ENS = 681.050924 : (31,66), (22,23), (31,65), (14,55), (16,21), (34,35), (17,44), (7,9), (2,13), (11,67), (35,48), (32,56), (10,42), (39,63), (20,45), (24,51), (30,53), (15,16), (5,6), (27,52), (37,49), (16,17), (20,46), (38,61), (4,5), (3,74), (19,40), (5,76), (6,1), (36,38), (26,71), (25,27), (28,29), (8,54), (32,33), (2,3), (8,64), (9,69), (18,41), (7,8), (22,32), (37,60), (24,25), (13,14), (32,57), (33,58), (4,75), (39,62), (21,47), (23,24), (18,19), (36,37), (25,26), (34,59), (9,10), (26,70), (17,18), (3,4), (15,43), (11,12), (10,68), (13,72), (23,50), (21,22), (27,28),  time: 0.110922 secs
k = 66 	 ENS = 680.049161 : (31,66), (22,23), (31,65), (14,55), (16,21), (34,35), (30,31), (17,44), (7,9), (2,13), (11,67), (35,48), (32,56), (10,42), (39,63), (20,45), (24,51), (30,53), (15,16), (5,6), (27,52), (37,49), (16,17), (20,46), (38,61), (4,5), (3,74), (19,40), (5,76), (6,1), (36,38), (26,71), (25,27), (28,29), (8,54), (32,33), (2,3), (8,64), (9,69), (18,41), (7,8), (22,32), (37,60), (24,25), (13,14), (32,57), (33,58), (4,75), (39,62), (21,47), (23,24), (18,19), (36,37), (25,26), (34,59), (9,10), (26,70), (17,18), (3,4), (15,43), (11,12), (10,68), (13,72), (23,50), (21,22), (27,28),  time: 0.029189 secs
k = 67 	 ENS = 679.199261 : (31,66), (22,23), (31,65), (14,55), (16,21), (34,35), (30,31), (17,44), (7,9), (2,13), (11,67), (35,48), (32,56), (10,42), (39,63), (20,45), (24,51), (30,53), (15,16), (5,6), (27,52), (37,49), (16,17), (20,46), (38,61), (4,5), (3,74), (19,40), (5,76), (6,1), (36,38), (26,71), (25,27), (28,29), (8,54), (32,33), (2,3), (8,64), (9,69), (18,41), (7,8), (22,32), (37,60), (24,25), (13,14), (32,57), (33,58), (6,7), (4,75), (39,62), (21,47), (23,24), (18,19), (36,37), (25,26), (34,59), (9,10), (26,70), (17,18), (3,4), (15,43), (11,12), (10,68), (13,72), (23,50), (21,22), (27,28),  time: 0.022816 secs
k = 68 	 ENS = 678.520261 : (31,66), (22,23), (31,65), (14,55), (16,21), (34,35), (30,31), (17,44), (7,9), (2,13), (11,67), (35,48), (32,56), (10,42), (39,63), (20,45), (24,51), (30,53), (15,16), (5,6), (27,52), (35,36), (37,49), (16,17), (20,46), (38,61), (4,5), (3,74), (19,40), (5,76), (6,1), (36,38), (26,71), (25,27), (28,29), (8,54), (32,33), (2,3), (8,64), (9,69), (18,41), (7,8), (22,32), (37,60), (24,25), (13,14), (32,57), (33,58), (6,7), (4,75), (39,62), (21,47), (23,24), (18,19), (36,37), (25,26), (34,59), (9,10), (26,70), (17,18), (3,4), (15,43), (11,12), (10,68), (13,72), (23,50), (21,22), (27,28),  time: 0.015330 secs
k = 69 	 ENS = 677.856745 : (31,66), (22,23), (31,65), (14,55), (16,21), (34,35), (30,31), (17,44), (7,9), (2,13), (11,67), (35,48), (32,56), (10,42), (39,63), (20,45), (24,51), (30,53), (15,16), (5,6), (27,52), (35,36), (37,49), (16,17), (20,46), (38,61), (4,5), (3,74), (10,11), (19,40), (5,76), (6,1), (36,38), (26,71), (25,27), (28,29), (8,54), (32,33), (2,3), (8,64), (9,69), (18,41), (7,8), (22,32), (37,60), (24,25), (13,14), (32,57), (33,58), (6,7), (4,75), (39,62), (21,47), (23,24), (18,19), (36,37), (25,26), (34,59), (9,10), (26,70), (17,18), (3,4), (15,43), (11,12), (10,68), (13,72), (23,50), (21,22), (27,28),  time: 0.007396 secs
k = 70 	 ENS = 677.221905 : (31,66), (22,23), (31,65), (14,55), (16,21), (34,35), (30,31), (17,44), (7,9), (2,13), (11,67), (35,48), (32,56), (10,42), (39,63), (20,45), (24,51), (30,53), (15,16), (5,6), (27,52), (35,36), (37,49), (16,17), (20,46), (38,61), (4,5), (3,74), (10,11), (19,40), (5,76), (6,1), (36,38), (26,71), (25,27), (28,29), (8,54), (32,33), (2,3), (8,64), (9,69), (18,41), (7,8), (22,32), (37,60), (24,25), (19,20), (13,14), (32,57), (33,58), (6,7), (4,75), (39,62), (21,47), (23,24), (18,19), (36,37), (25,26), (34,59), (9,10), (26,70), (17,18), (3,4), (15,43), (11,12), (10,68), (13,72), (23,50), (21,22), (27,28),  time: 0.004529 secs
k = 71 	 ENS = 676.746129 : (31,66), (22,23), (31,65), (14,55), (16,21), (34,35), (30,31), (17,44), (7,9), (2,13), (11,67), (35,48), (32,56), (10,42), (39,63), (20,45), (24,51), (30,53), (15,16), (5,6), (27,52), (35,36), (37,49), (16,17), (20,46), (38,61), (4,5), (3,74), (10,11), (19,40), (5,76), (6,1), (36,38), (26,71), (25,27), (28,29), (8,54), (32,33), (2,3), (8,64), (9,69), (18,41), (7,8), (22,32), (37,60), (24,25), (19,20), (13,14), (32,57), (33,58), (6,7), (38,39), (4,75), (39,62), (21,47), (23,24), (18,19), (36,37), (25,26), (34,59), (9,10), (26,70), (17,18), (3,4), (15,43), (11,12), (10,68), (13,72), (23,50), (21,22), (27,28),  time: 0.003956 secs
k = 72 	 ENS = 676.314516 : (31,66), (22,23), (31,65), (14,55), (16,21), (34,35), (30,31), (17,44), (7,9), (2,13), (11,67), (35,48), (32,56), (10,42), (39,63), (20,45), (24,51), (30,53), (15,16), (5,6), (27,52), (35,36), (37,49), (16,17), (20,46), (38,61), (4,5), (3,74), (10,11), (19,40), (5,76), (6,1), (36,38), (26,71), (25,27), (28,29), (8,54), (32,33), (2,3), (8,64), (9,69), (18,41), (7,8), (22,32), (37,60), (33,34), (24,25), (19,20), (13,14), (32,57), (33,58), (6,7), (38,39), (4,75), (39,62), (21,47), (23,24), (18,19), (36,37), (25,26), (34,59), (9,10), (26,70), (17,18), (3,4), (15,43), (11,12), (10,68), (13,72), (23,50), (21,22), (27,28),  time: 0.001487 secs
k = 73 	 ENS = 675.891516 : (31,66), (22,23), (31,65), (14,55), (16,21), (34,35), (30,31), (17,44), (7,9), (2,13), (11,67), (35,48), (32,56), (10,42), (39,63), (20,45), (24,51), (30,53), (15,16), (5,6), (27,52), (35,36), (37,49), (16,17), (20,46), (38,61), (4,5), (3,74), (10,11), (19,40), (5,76), (6,1), (36,38), (26,71), (25,27), (28,29), (8,54), (32,33), (2,3), (8,64), (9,69), (18,41), (7,8), (22,32), (37,60), (33,34), (24,25), (19,20), (13,14), (32,57), (33,58), (6,7), (14,15), (38,39), (4,75), (39,62), (21,47), (23,24), (18,19), (36,37), (25,26), (34,59), (9,10), (26,70), (17,18), (3,4), (15,43), (11,12), (10,68), (13,72), (23,50), (21,22), (27,28),  time: 0.001477 secs
k = 74 	 ENS = 675.891516 : (31,66), (22,23), (31,65), (14,55), (16,21), (34,35), (30,31), (17,44), (7,9), (2,13), (11,67), (35,48), (32,56), (10,42), (39,63), (20,45), (24,51), (30,53), (15,16), (5,6), (27,52), (35,36), (37,49), (16,17), (20,46), (38,61), (4,5), (3,74), (10,11), (19,40), (5,76), (6,1), (36,38), (26,71), (25,27), (28,29), (8,54), (32,33), (2,3), (8,64), (9,69), (18,41), (7,8), (22,32), (37,60), (33,34), (24,25), (19,20), (13,14), (32,57), (33,58), (6,7), (14,15), (38,39), (4,75), (39,62), (21,47), (23,24), (18,19), (36,37), (25,26), (34,59), (9,10), (26,70), (17,18), (3,4), (15,43), (11,12), (10,68), (28,30), (13,72), (23,50), (21,22), (27,28),  time: 0.000415 secs
k = 75 	 ENS = 675.891516 : (31,66), (22,23), (12,73), (31,65), (14,55), (16,21), (34,35), (30,31), (17,44), (7,9), (2,13), (11,67), (35,48), (32,56), (10,42), (39,63), (20,45), (24,51), (30,53), (15,16), (5,6), (27,52), (35,36), (37,49), (16,17), (20,46), (38,61), (4,5), (3,74), (10,11), (19,40), (5,76), (6,1), (36,38), (26,71), (25,27), (28,29), (8,54), (32,33), (2,3), (8,64), (9,69), (18,41), (7,8), (22,32), (37,60), (33,34), (24,25), (19,20), (13,14), (32,57), (33,58), (6,7), (14,15), (38,39), (4,75), (39,62), (21,47), (23,24), (18,19), (36,37), (25,26), (34,59), (9,10), (26,70), (17,18), (3,4), (15,43), (11,12), (10,68), (28,30), (13,72), (23,50), (21,22), (27,28),  time: 0.000285 secs
k = 76 	 ENS = 675.891516 : (31,66), (22,23), (12,73), (31,65), (14,55), (16,21), (34,35), (30,31), (17,44), (7,9), (2,13), (11,67), (35,48), (32,56), (10,42), (39,63), (20,45), (24,51), (30,53), (15,16), (5,6), (27,52), (35,36), (37,49), (16,17), (20,46), (38,61), (4,5), (3,74), (10,11), (19,40), (5,76), (6,1), (36,38), (26,71), (25,27), (28,29), (8,54), (32,33), (2,3), (8,64), (9,69), (18,41), (7,8), (22,32), (37,60), (33,34), (24,25), (19,20), (13,14), (32,57), (33,58), (6,7), (14,15), (38,39), (4,75), (39,62), (21,47), (23,24), (18,19), (36,37), (25,26), (34,59), (9,10), (26,70), (17,18), (3,4), (15,43), (11,12), (10,68), (28,30), (13,72), (23,50), (21,22), (27,28),  time: 0.000274 secs
k = 77 	 ENS = 675.891516 : (31,66), (22,23), (12,73), (31,65), (14,55), (16,21), (34,35), (30,31), (17,44), (7,9), (2,13), (11,67), (35,48), (32,56), (10,42), (39,63), (20,45), (24,51), (30,53), (15,16), (5,6), (27,52), (35,36), (37,49), (16,17), (20,46), (38,61), (4,5), (3,74), (10,11), (19,40), (5,76), (6,1), (36,38), (26,71), (25,27), (-1,77), (28,29), (8,54), (32,33), (2,3), (8,64), (9,69), (18,41), (7,8), (22,32), (37,60), (33,34), (77,2), (24,25), (19,20), (13,14), (32,57), (33,58), (6,7), (14,15), (38,39), (4,75), (39,62), (21,47), (23,24), (18,19), (36,37), (25,26), (34,59), (9,10), (26,70), (17,18), (3,4), (15,43), (11,12), (10,68), (28,30), (13,72), (23,50), (21,22), (27,28),  time: 0.000081 secs
Total time: 53.744623 secs