k = 0 	 ENS = 11135.228828 :  time: 0.007493 secs
k = 1 	 ENS = 7298.661449 : (7,8),  time: 0.005573 secs
k = 2 	 ENS = 5559.702317 : (7,8), (6,26),  time: 0.004670 secs
k = 3 	 ENS = 4260.743242 : (7,8), (2,19), (6,26),  time: 0.003007 secs
k = 4 	 ENS = 3391.758808 : (7,8), (2,19), (3,23), (6,26),  time: 0.002697 secs
k = 5 	 ENS = 3031.776739 : (7,8), (2,19), (3,23), (6,26), (3,4),  time: 0.004421 secs
k = 6 	 ENS = 2715.236193 : (7,8), (12,13), (2,19), (3,23), (6,26), (3,4),  time: 0.006498 secs
k = 7 	 ENS = 2601.770167 : (7,8), (12,13), (2,19), (3,23), (6,26), (30,31), (3,4),  time: 0.013268 secs
k = 8 	 ENS = 2505.749048 : (14,15), (7,8), (9,10), (2,19), (3,23), (6,26), (30,31), (3,4),  time: 0.021870 secs
k = 9 	 ENS = 2436.235839 : (8,9), (7,8), (15,16), (12,13), (2,19), (3,23), (6,26), (30,31), (3,4),  time: 0.032816 secs
k = 10 	 ENS = 2372.859192 : (8,9), (7,8), (15,16), (12,13), (2,19), (3,23), (24,25), (6,26), (30,31), (3,4),  time: 0.045336 secs
k = 11 	 ENS = 2333.402913 : (8,9), (7,8), (27,28), (15,16), (12,13), (2,19), (3,23), (24,25), (6,26), (30,31), (3,4),  time: 0.111884 secs
k = 12 	 ENS = 2300.689902 : (8,9), (7,8), (27,28), (15,16), (12,13), (2,19), (19,20), (3,23), (24,25), (6,26), (30,31), (3,4),  time: 0.113503 secs
k = 13 	 ENS = 2269.213289 : (8,9), (7,8), (27,28), (15,16), (12,13), (2,3), (2,19), (19,20), (3,23), (24,25), (6,26), (30,31), (3,4),  time: 0.145855 secs
k = 14 	 ENS = 2238.976351 : (8,9), (7,8), (27,28), (15,16), (12,13), (2,3), (2,19), (19,20), (3,23), (24,25), (6,26), (30,31), (6,7), (3,4),  time: 0.159734 secs
k = 15 	 ENS = 2213.583181 : (8,9), (14,15), (16,17), (7,8), (27,28), (12,13), (2,3), (2,19), (19,20), (3,23), (24,25), (6,26), (30,31), (6,7), (3,4),  time: 0.172413 secs
k = 16 	 ENS = 2193.136393 : (8,9), (14,15), (16,17), (7,8), (27,28), (5,6), (12,13), (2,3), (2,19), (19,20), (3,23), (24,25), (6,26), (30,31), (6,7), (3,4),  time: 0.172183 secs
k = 17 	 ENS = 2175.451408 : (8,9), (14,15), (16,17), (7,8), (27,28), (5,6), (12,13), (21,22), (2,3), (2,19), (19,20), (3,23), (24,25), (6,26), (30,31), (6,7), (3,4),  time: 0.160409 secs
k = 18 	 ENS = 2158.371298 : (8,9), (14,15), (16,17), (7,8), (32,33), (27,28), (5,6), (12,13), (21,22), (2,3), (2,19), (19,20), (3,23), (24,25), (6,26), (30,31), (6,7), (3,4),  time: 0.150266 secs
k = 19 	 ENS = 2144.877908 : (8,9), (14,15), (16,17), (7,8), (32,33), (27,28), (9,10), (5,6), (12,13), (21,22), (2,3), (2,19), (19,20), (3,23), (24,25), (6,26), (30,31), (6,7), (3,4),  time: 0.163911 secs
k = 20 	 ENS = 2132.201683 : (8,9), (14,15), (16,17), (7,8), (32,33), (27,28), (9,10), (5,6), (12,13), (21,22), (2,3), (2,19), (19,20), (29,30), (3,23), (24,25), (6,26), (30,31), (6,7), (3,4),  time: 0.183609 secs
k = 21 	 ENS = 2121.003659 : (8,9), (14,15), (16,17), (7,8), (32,33), (27,28), (23,24), (9,10), (5,6), (12,13), (21,22), (2,3), (2,19), (19,20), (29,30), (3,23), (24,25), (6,26), (30,31), (6,7), (3,4),  time: 0.041034 secs
k = 22 	 ENS = 2114.284462 : (8,9), (28,29), (14,15), (16,17), (7,8), (32,33), (27,28), (23,24), (9,10), (5,6), (12,13), (21,22), (2,3), (2,19), (19,20), (29,30), (3,23), (24,25), (6,26), (30,31), (6,7), (3,4),  time: 0.050417 secs
k = 23 	 ENS = 2107.777121 : (8,9), (28,29), (14,15), (16,17), (7,8), (32,33), (27,28), (23,24), (9,10), (5,6), (12,13), (21,22), (2,3), (2,19), (19,20), (29,30), (3,23), (24,25), (6,26), (30,31), (31,32), (6,7), (3,4),  time: 0.058101 secs
k = 24 	 ENS = 2101.429694 : (8,9), (28,29), (14,15), (16,17), (7,8), (32,33), (4,5), (27,28), (23,24), (9,10), (5,6), (12,13), (21,22), (2,3), (2,19), (19,20), (29,30), (3,23), (24,25), (6,26), (30,31), (31,32), (6,7), (3,4),  time: 0.039406 secs
k = 25 	 ENS = 2095.178514 : (8,9), (28,29), (14,15), (16,17), (7,8), (32,33), (4,5), (27,28), (23,24), (9,10), (15,16), (5,6), (12,13), (21,22), (2,3), (2,19), (19,20), (29,30), (3,23), (24,25), (6,26), (30,31), (31,32), (6,7), (3,4),  time: 0.018107 secs
k = 26 	 ENS = 2089.062600 : (8,9), (28,29), (14,15), (16,17), (7,8), (32,33), (4,5), (27,28), (23,24), (9,10), (15,16), (5,6), (12,13), (21,22), (2,3), (2,19), (19,20), (29,30), (3,23), (24,25), (6,26), (30,31), (31,32), (6,7), (17,18), (3,4),  time: 0.011527 secs
k = 27 	 ENS = 2083.595069 : (8,9), (28,29), (14,15), (16,17), (7,8), (32,33), (4,5), (27,28), (23,24), (9,10), (15,16), (5,6), (12,13), (21,22), (2,3), (2,19), (19,20), (29,30), (3,23), (24,25), (6,26), (30,31), (31,32), (6,7), (17,18), (11,12), (3,4),  time: 0.006916 secs
k = 28 	 ENS = 2078.487129 : (8,9), (28,29), (14,15), (16,17), (7,8), (32,33), (4,5), (27,28), (23,24), (9,10), (15,16), (5,6), (12,13), (21,22), (2,3), (2,19), (19,20), (29,30), (3,23), (20,21), (24,25), (6,26), (30,31), (31,32), (6,7), (17,18), (11,12), (3,4),  time: 0.003557 secs
k = 29 	 ENS = 2073.982384 : (8,9), (28,29), (14,15), (16,17), (7,8), (32,33), (4,5), (27,28), (23,24), (9,10), (15,16), (5,6), (12,13), (21,22), (2,3), (2,19), (19,20), (29,30), (3,23), (20,21), (24,25), (6,26), (30,31), (31,32), (6,7), (13,14), (17,18), (11,12), (3,4),  time: 0.001410 secs
k = 30 	 ENS = 2071.617413 : (8,9), (28,29), (14,15), (16,17), (7,8), (32,33), (4,5), (27,28), (23,24), (9,10), (15,16), (5,6), (12,13), (21,22), (2,3), (2,19), (19,20), (29,30), (3,23), (20,21), (24,25), (6,26), (30,31), (31,32), (26,27), (6,7), (13,14), (17,18), (11,12), (3,4),  time: 0.000732 secs
k = 31 	 ENS = 2069.974839 : (8,9), (28,29), (14,15), (10,11), (16,17), (7,8), (32,33), (4,5), (27,28), (23,24), (9,10), (15,16), (5,6), (12,13), (21,22), (2,3), (2,19), (19,20), (29,30), (3,23), (20,21), (24,25), (6,26), (30,31), (31,32), (26,27), (6,7), (13,14), (17,18), (11,12), (3,4),  time: 0.000200 secs
k = 32 	 ENS = 2069.974839 : (8,9), (28,29), (14,15), (10,11), (16,17), (7,8), (32,33), (4,5), (27,28), (23,24), (9,10), (15,16), (5,6), (12,13), (21,22), (2,3), (2,19), (19,20), (29,30), (3,23), (20,21), (24,25), (6,26), (30,31), (31,32), (26,27), (6,7), (13,14), (17,18), (11,12), (3,4),  time: 0.000197 secs
k = 33 	 ENS = 2069.974839 : (8,9), (28,29), (14,15), (-1,1), (10,11), (16,17), (7,8), (32,33), (4,5), (27,28), (23,24), (9,10), (15,16), (5,6), (12,13), (21,22), (2,3), (2,19), (19,20), (29,30), (3,23), (20,21), (24,25), (1,2), (6,26), (30,31), (31,32), (26,27), (6,7), (13,14), (17,18), (11,12), (3,4),  time: 0.000078 secs
Total time: 1.913098 secs