k = 0 	 ENS = 42302.418711 :  time: 0.000265 secs
k = 1 	 ENS = 35470.434767 : (5,41),  time: 0.004234 secs
k = 2 	 ENS = 30373.038492 : (1,12), (5,41),  time: 0.001311 secs
k = 3 	 ENS = 25557.891349 : (8,67), (1,12), (5,41),  time: 0.001142 secs
k = 4 	 ENS = 21052.600548 : (8,67), (-1,1), (5,41), (-1,3),  time: 0.001156 secs
k = 5 	 ENS = 17272.797847 : (8,67), (1,12), (5,41), (-1,11), (-1,3),  time: 0.001265 secs
k = 6 	 ENS = 14441.171578 : (1,12), (7,58), (5,41), (-1,11), (-1,3), (-1,8),  time: 0.001234 secs
k = 7 	 ENS = 11710.860725 : (8,67), (1,12), (7,58), (5,41), (-1,9), (-1,11), (-1,3),  time: 0.001303 secs
k = 8 	 ENS = 9568.075234 : (8,67), (9,76), (-1,1), (-1,7), (-1,4), (-1,11), (-1,5), (-1,3),  time: 0.003985 secs
k = 9 	 ENS = 7697.224847 : (8,67), (-1,1), (-1,7), (-1,2), (-1,4), (-1,9), (-1,11), (-1,5), (-1,3),  time: 0.004209 secs
k = 10 	 ENS = 5968.138252 : (-1,6), (8,67), (-1,1), (-1,7), (-1,2), (4,36), (-1,9), (-1,11), (-1,5), (-1,3),  time: 0.004353 secs
k = 11 	 ENS = 4242.332549 : (1,12), (-1,2), (7,58), (-1,4), (6,54), (-1,9), (-1,11), (-1,5), (10,84), (-1,3), (-1,8),  time: 0.003560 secs
k = 12 	 ENS = 3688.709263 : (45,46), (1,12), (-1,2), (3,26), (7,58), (5,41), (-1,4), (6,54), (-1,9), (-1,11), (-1,10), (-1,8),  time: 0.018826 secs
k = 13 	 ENS = 3353.526599 : (30,31), (45,46), (1,12), (-1,2), (7,58), (5,41), (6,54), (4,36), (-1,9), (-1,11), (-1,10), (-1,3), (-1,8),  time: 0.034383 secs
k = 14 	 ENS = 3130.147109 : (-1,6), (30,31), (45,46), (1,12), (-1,2), (7,58), (5,41), (90,91), (-1,4), (-1,9), (-1,11), (-1,10), (-1,3), (-1,8),  time: 0.041217 secs
k = 15 	 ENS = 2990.254244 : (-1,6), (30,31), (8,67), (17,18), (45,46), (1,12), (-1,2), (3,26), (7,58), (5,41), (90,91), (4,36), (-1,9), (-1,11), (-1,10),  time: 0.053994 secs
k = 16 	 ENS = 2898.938408 : (-1,6), (30,31), (8,67), (17,18), (46,47), (1,12), (-1,2), (3,26), (7,58), (5,41), (90,91), (-1,4), (-1,9), (-1,11), (-1,10), (42,43),  time: 0.053007 secs
k = 17 	 ENS = 2844.173756 : (-1,6), (30,31), (8,67), (17,18), (63,64), (46,47), (1,12), (-1,2), (7,58), (5,41), (90,91), (4,36), (-1,9), (-1,10), (11,88), (-1,3), (42,43),  time: 0.063112 secs
k = 18 	 ENS = 2802.848755 : (-1,6), (30,31), (69,70), (8,67), (17,18), (63,64), (46,47), (1,12), (-1,2), (3,26), (7,58), (5,41), (90,91), (-1,4), (-1,9), (-1,10), (11,88), (42,43),  time: 0.103967 secs
k = 19 	 ENS = 2763.329801 : (-1,6), (30,31), (69,70), (8,67), (17,18), (63,64), (46,47), (1,12), (-1,2), (7,58), (5,41), (90,91), (-1,4), (-1,9), (92,93), (-1,10), (11,88), (-1,3), (42,43),  time: 0.097727 secs
k = 20 	 ENS = 2725.954947 : (-1,6), (30,31), (69,70), (8,67), (17,18), (63,64), (46,47), (1,12), (-1,2), (3,26), (7,58), (5,41), (90,91), (-1,4), (-1,9), (39,40), (-1,11), (92,93), (-1,10), (42,43),  time: 0.143473 secs
k = 21 	 ENS = 2691.754719 : (30,31), (69,70), (8,67), (17,18), (63,64), (46,47), (1,12), (-1,2), (3,26), (7,58), (5,41), (90,91), (6,54), (4,36), (-1,9), (32,34), (39,40), (92,93), (-1,10), (11,88), (42,43),  time: 0.142730 secs
k = 22 	 ENS = 2658.917193 : (30,31), (69,70), (8,67), (17,18), (63,64), (46,47), (1,12), (-1,2), (7,58), (18,20), (5,41), (90,91), (6,54), (4,36), (-1,9), (32,34), (39,40), (92,93), (-1,10), (11,88), (-1,3), (42,43),  time: 0.197342 secs
k = 23 	 ENS = 2631.768062 : (-1,6), (30,31), (69,70), (8,67), (17,18), (63,64), (56,57), (46,47), (1,12), (-1,2), (7,58), (18,20), (5,41), (90,91), (-1,4), (-1,9), (32,34), (39,40), (-1,11), (92,93), (-1,10), (-1,3), (42,43),  time: 0.236022 secs
k = 24 	 ENS = 2605.870769 : (30,31), (69,70), (8,67), (17,18), (63,64), (56,57), (46,47), (1,12), (-1,2), (3,26), (15,16), (7,58), (18,20), (5,41), (90,91), (-1,4), (6,54), (-1,9), (32,34), (39,40), (-1,11), (92,93), (-1,10), (42,43),  time: 0.279959 secs
k = 25 	 ENS = 2584.011442 : (30,31), (69,70), (8,67), (17,18), (63,64), (56,57), (28,29), (46,47), (-1,7), (1,12), (-1,2), (15,16), (18,20), (5,41), (90,91), (-1,4), (6,54), (-1,9), (32,34), (39,40), (-1,11), (92,93), (-1,10), (-1,3), (42,43),  time: 0.473187 secs
k = 26 	 ENS = 2562.163977 : (30,31), (69,70), (8,67), (9,76), (17,18), (63,64), (56,57), (28,29), (46,47), (-1,7), (1,12), (-1,2), (3,26), (15,16), (18,20), (5,41), (90,91), (-1,4), (6,54), (23,25), (32,34), (39,40), (92,93), (-1,10), (11,88), (42,43),  time: 0.513492 secs
k = 27 	 ENS = 2540.497471 : (-1,6), (30,31), (18,19), (69,70), (8,67), (9,76), (63,64), (56,57), (28,29), (-1,1), (46,47), (-1,7), (-1,2), (15,16), (18,20), (5,41), (18,21), (90,91), (23,25), (4,36), (32,34), (39,40), (92,93), (-1,10), (11,88), (-1,3), (42,43),  time: 0.793627 secs
k = 28 	 ENS = 2522.222596 : (30,31), (18,19), (69,70), (8,67), (9,76), (63,64), (56,57), (28,29), (-1,1), (46,47), (-1,7), (-1,2), (15,16), (18,20), (5,41), (18,21), (90,91), (65,66), (-1,4), (6,54), (23,25), (32,34), (39,40), (-1,11), (92,93), (-1,10), (-1,3), (42,43),  time: 0.559856 secs
k = 29 	 ENS = 2504.718925 : (30,31), (18,19), (69,70), (8,67), (9,76), (63,64), (56,57), (28,29), (32,33), (-1,1), (46,47), (-1,7), (-1,2), (3,26), (15,16), (18,20), (5,41), (18,21), (90,91), (65,66), (-1,4), (6,54), (23,25), (32,34), (39,40), (92,93), (-1,10), (11,88), (42,43),  time: 0.640211 secs
k = 30 	 ENS = 2489.070359 : (30,31), (18,19), (69,70), (8,67), (9,76), (63,64), (56,57), (28,29), (32,33), (-1,1), (46,47), (-1,7), (-1,2), (3,26), (15,16), (18,20), (5,41), (18,21), (90,91), (65,66), (-1,4), (6,54), (23,25), (32,34), (39,40), (-1,11), (92,93), (-1,10), (49,50), (42,43),  time: 0.716674 secs
k = 31 	 ENS = 2476.319797 : (-1,6), (30,31), (18,19), (69,70), (9,76), (63,64), (56,57), (28,29), (32,33), (46,47), (-1,7), (1,12), (-1,2), (15,16), (18,20), (5,41), (18,21), (79,80), (90,91), (65,66), (-1,4), (23,25), (32,34), (39,40), (-1,11), (92,93), (-1,10), (49,50), (-1,3), (-1,8), (42,43),  time: 1.675767 secs
k = 32 	 ENS = 2463.950673 : (-1,6), (30,31), (18,19), (69,70), (8,67), (9,76), (63,64), (56,57), (28,29), (32,33), (-1,1), (46,47), (-1,2), (3,26), (15,16), (7,58), (18,20), (18,21), (79,80), (90,91), (65,66), (-1,4), (23,25), (32,34), (44,45), (39,40), (92,93), (-1,5), (-1,10), (11,88), (49,50), (42,43),  time: 2.514731 secs
k = 33 	 ENS = 2452.868751 : (-1,6), (30,31), (18,19), (69,70), (9,76), (63,64), (56,57), (28,29), (32,33), (46,47), (1,12), (-1,2), (15,16), (7,58), (18,20), (5,41), (18,21), (79,80), (90,91), (65,66), (-1,4), (23,25), (52,53), (32,34), (44,45), (39,40), (-1,11), (92,93), (-1,10), (49,50), (-1,3), (-1,8), (42,43),  time: 5.800712 secs
k = 34 	 ENS = 2442.981628 : (-1,6), (30,31), (18,19), (69,70), (9,76), (63,64), (56,57), (28,29), (32,33), (46,47), (-1,7), (1,12), (-1,2), (15,16), (18,20), (5,41), (18,21), (79,80), (90,91), (31,32), (65,66), (-1,4), (23,25), (52,53), (32,34), (44,45), (39,40), (-1,11), (92,93), (-1,10), (49,50), (-1,3), (-1,8), (42,43),  time: 6.266223 secs
k = 35 	 ENS = 2434.285953 : (-1,6), (30,31), (18,19), (69,70), (63,64), (56,57), (28,29), (32,33), (-1,1), (46,47), (-1,2), (15,16), (7,58), (18,20), (5,41), (18,21), (79,80), (90,91), (31,32), (65,66), (-1,4), (23,25), (52,53), (-1,9), (32,34), (44,45), (39,40), (-1,11), (92,93), (-1,10), (73,74), (49,50), (-1,3), (-1,8), (42,43),  time: 6.295409 secs
k = 36 	 ENS = 2426.215933 : (-1,6), (30,31), (18,19), (69,70), (63,64), (56,57), (28,29), (32,33), (46,47), (1,12), (-1,2), (86,87), (15,16), (7,58), (18,20), (5,41), (18,21), (79,80), (90,91), (31,32), (65,66), (-1,4), (23,25), (52,53), (-1,9), (32,34), (44,45), (39,40), (-1,11), (92,93), (-1,10), (73,74), (49,50), (-1,3), (-1,8), (42,43),  time: 14.078197 secs
k = 37 	 ENS = 2418.761951 : (-1,6), (30,31), (18,19), (69,70), (9,76), (17,18), (63,64), (56,57), (28,29), (32,33), (-1,1), (46,47), (-1,7), (-1,2), (86,87), (15,16), (18,20), (5,41), (18,21), (79,80), (90,91), (31,32), (65,66), (-1,4), (23,25), (52,53), (32,34), (44,45), (39,40), (-1,11), (92,93), (-1,10), (73,74), (49,50), (-1,3), (-1,8), (42,43),  time: 9.408799 secs
k = 38 	 ENS = 2411.481951 : (-1,6), (30,31), (18,19), (69,70), (17,18), (63,64), (56,57), (28,29), (32,33), (46,47), (-1,7), (1,12), (-1,2), (86,87), (15,16), (18,20), (18,21), (79,80), (90,91), (82,83), (31,32), (65,66), (-1,4), (23,25), (52,53), (-1,9), (32,34), (44,45), (39,40), (-1,11), (92,93), (-1,5), (-1,10), (73,74), (49,50), (-1,3), (-1,8), (42,43),  time: 15.455399 secs
k = 39 	 ENS = 2404.588563 : (30,31), (18,19), (69,70), (17,18), (63,64), (56,57), (28,29), (32,33), (-1,1), (46,47), (-1,7), (-1,2), (3,26), (86,87), (15,16), (18,20), (5,41), (18,21), (79,80), (90,91), (82,83), (31,32), (65,66), (-1,4), (6,54), (23,25), (52,53), (-1,9), (32,34), (44,45), (39,40), (23,24), (92,93), (-1,10), (73,74), (11,88), (49,50), (-1,8), (42,43),  time: 31.483122 secs
k = 40 	 ENS = 2398.361423 : (-1,6), (30,31), (18,19), (69,70), (37,38), (17,18), (63,64), (56,57), (28,29), (32,33), (46,47), (1,12), (-1,2), (3,26), (86,87), (15,16), (7,58), (18,20), (18,21), (79,80), (90,91), (82,83), (31,32), (65,66), (-1,4), (23,25), (52,53), (-1,9), (32,34), (44,45), (39,40), (23,24), (92,93), (-1,5), (-1,10), (73,74), (11,88), (49,50), (-1,8), (42,43),  time: 11.652467 secs
k = 41 	 ENS = 2392.521423 : (-1,6), (30,31), (18,19), (69,70), (9,76), (37,38), (17,18), (63,64), (45,46), (56,57), (28,29), (32,33), (-1,1), (46,47), (-1,2), (86,87), (15,16), (7,58), (18,20), (18,21), (79,80), (90,91), (82,83), (31,32), (65,66), (-1,4), (23,25), (52,53), (32,34), (44,45), (39,40), (23,24), (92,93), (-1,5), (-1,10), (73,74), (11,88), (49,50), (-1,3), (-1,8), (42,43),  time: 15.284083 secs
k = 42 	 ENS = 2387.042749 : (30,31), (18,19), (69,70), (8,67), (37,38), (17,18), (63,64), (45,46), (56,57), (28,29), (32,33), (46,47), (-1,7), (1,12), (-1,2), (3,26), (86,87), (62,63), (15,16), (18,20), (18,21), (79,80), (90,91), (82,83), (31,32), (65,66), (-1,4), (6,54), (23,25), (52,53), (-1,9), (32,34), (44,45), (39,40), (23,24), (-1,11), (92,93), (-1,5), (-1,10), (73,74), (49,50), (42,43),  time: 12.540963 secs
k = 43 	 ENS = 2381.954061 : (-1,6), (30,31), (18,19), (69,70), (8,67), (9,76), (37,38), (17,18), (63,64), (45,46), (56,57), (28,29), (32,33), (-1,1), (46,47), (-1,7), (-1,2), (86,87), (62,63), (15,16), (18,20), (18,21), (79,80), (90,91), (82,83), (31,32), (65,66), (-1,4), (23,25), (52,53), (32,34), (44,45), (39,40), (14,15), (23,24), (92,93), (-1,5), (-1,10), (73,74), (11,88), (49,50), (-1,3), (42,43),  time: 18.016510 secs
k = 44 	 ENS = 2377.028714 : (-1,6), (30,31), (18,19), (69,70), (37,38), (17,18), (63,64), (45,46), (56,57), (28,29), (32,33), (46,47), (1,12), (-1,2), (86,87), (62,63), (15,16), (7,58), (18,20), (5,41), (18,21), (79,80), (90,91), (82,83), (31,32), (65,66), (-1,4), (23,25), (52,53), (-1,9), (49,52), (32,34), (44,45), (39,40), (14,15), (23,24), (-1,11), (92,93), (-1,10), (73,74), (49,50), (-1,3), (-1,8), (42,43),  time: 19.508747 secs
k = 45 	 ENS = 2372.642912 : (-1,6), (30,31), (18,19), (69,70), (37,38), (17,18), (63,64), (45,46), (56,57), (28,29), (32,33), (46,47), (-1,7), (1,12), (-1,2), (93,94), (86,87), (62,63), (15,16), (18,20), (18,21), (79,80), (90,91), (82,83), (31,32), (65,66), (23,25), (52,53), (4,36), (-1,9), (49,52), (32,34), (44,45), (39,40), (14,15), (23,24), (-1,11), (92,93), (-1,5), (-1,10), (73,74), (49,50), (-1,3), (-1,8), (42,43),  time: 5.118720 secs
k = 46 	 ENS = 2368.799273 : (-1,6), (30,31), (18,19), (69,70), (8,67), (9,76), (37,38), (17,18), (63,64), (45,46), (56,57), (28,29), (32,33), (-1,1), (46,47), (-1,7), (-1,2), (93,94), (86,87), (62,63), (15,16), (18,20), (5,41), (18,21), (79,80), (90,91), (82,83), (31,32), (65,66), (-1,4), (23,25), (52,53), (49,52), (32,34), (44,45), (39,40), (14,15), (23,24), (-1,11), (92,93), (-1,10), (73,74), (49,50), (-1,3), (29,30), (42,43),  time: 5.388182 secs
k = 47 	 ENS = 2365.146017 : (-1,6), (30,31), (18,19), (69,70), (9,76), (64,65), (37,38), (17,18), (63,64), (45,46), (56,57), (28,29), (32,33), (-1,1), (46,47), (-1,2), (93,94), (3,26), (86,87), (62,63), (15,16), (7,58), (18,20), (5,41), (18,21), (79,80), (90,91), (82,83), (31,32), (65,66), (-1,4), (23,25), (52,53), (49,52), (32,34), (44,45), (39,40), (14,15), (23,24), (92,93), (-1,10), (73,74), (11,88), (49,50), (-1,8), (29,30), (42,43),  time: 1.438961 secs
k = 48 	 ENS = 2361.495062 : (30,31), (18,19), (69,70), (8,67), (9,76), (64,65), (37,38), (17,18), (63,64), (45,46), (56,57), (28,29), (32,33), (-1,1), (46,47), (-1,7), (-1,2), (91,92), (93,94), (86,87), (62,63), (15,16), (18,20), (5,41), (18,21), (79,80), (90,91), (82,83), (31,32), (65,66), (-1,4), (6,54), (23,25), (52,53), (49,52), (32,34), (44,45), (39,40), (14,15), (23,24), (92,93), (-1,10), (73,74), (11,88), (49,50), (-1,3), (29,30), (42,43),  time: 1.497098 secs
k = 49 	 ENS = 2358.229406 : (-1,6), (30,31), (18,19), (69,70), (8,67), (9,76), (64,65), (37,38), (17,18), (63,64), (45,46), (56,57), (28,29), (32,33), (-1,1), (46,47), (-1,7), (-1,2), (91,92), (93,94), (86,87), (62,63), (15,16), (13,14), (18,20), (18,21), (79,80), (90,91), (82,83), (31,32), (65,66), (-1,4), (23,25), (52,53), (49,52), (32,34), (44,45), (39,40), (14,15), (23,24), (-1,11), (92,93), (-1,5), (-1,10), (73,74), (49,50), (-1,3), (29,30), (42,43),  time: 1.705289 secs
k = 50 	 ENS = 2355.537615 : (-1,6), (30,31), (18,19), (69,70), (64,65), (37,38), (17,18), (63,64), (45,46), (56,57), (28,29), (32,33), (-1,1), (46,47), (-1,7), (-1,2), (91,92), (93,94), (3,26), (86,87), (62,63), (15,16), (13,14), (18,20), (18,21), (79,80), (90,91), (82,83), (31,32), (65,66), (-1,4), (23,25), (52,53), (-1,9), (49,52), (32,34), (89,90), (44,45), (39,40), (14,15), (23,24), (92,93), (-1,5), (-1,10), (73,74), (11,88), (49,50), (-1,8), (29,30), (42,43),  time: 0.989043 secs
k = 51 	 ENS = 2353.163079 : (-1,6), (30,31), (18,19), (69,70), (8,67), (64,65), (37,38), (17,18), (63,64), (45,46), (56,57), (28,29), (32,33), (46,47), (-1,7), (1,12), (-1,2), (91,92), (93,94), (86,87), (62,63), (15,16), (13,14), (18,20), (5,41), (77,78), (18,21), (79,80), (90,91), (82,83), (31,32), (65,66), (-1,4), (23,25), (52,53), (-1,9), (49,52), (32,34), (89,90), (44,45), (39,40), (14,15), (23,24), (92,93), (-1,10), (73,74), (11,88), (49,50), (-1,3), (29,30), (42,43),  time: 0.780260 secs
k = 52 	 ENS = 2350.977727 : (-1,6), (30,31), (18,19), (69,70), (64,65), (37,38), (17,18), (63,64), (45,46), (56,57), (28,29), (32,33), (46,47), (-1,7), (1,12), (-1,2), (91,92), (93,94), (86,87), (62,63), (15,16), (13,14), (18,20), (77,78), (18,21), (79,80), (90,91), (82,83), (31,32), (65,66), (-1,4), (23,25), (52,53), (-1,9), (49,52), (32,34), (89,90), (44,45), (39,40), (14,15), (23,24), (-1,11), (92,93), (-1,5), (-1,10), (73,74), (49,50), (-1,3), (61,62), (-1,8), (29,30), (42,43),  time: 7.393196 secs
k = 53 	 ENS = 2348.798633 : (-1,6), (30,31), (18,19), (69,70), (8,67), (27,28), (9,76), (64,65), (37,38), (17,18), (63,64), (45,46), (56,57), (28,29), (32,33), (-1,1), (46,47), (-1,2), (91,92), (93,94), (86,87), (62,63), (15,16), (7,58), (13,14), (18,20), (5,41), (77,78), (18,21), (79,80), (90,91), (82,83), (31,32), (65,66), (-1,4), (23,25), (52,53), (49,52), (32,34), (89,90), (44,45), (39,40), (14,15), (23,24), (-1,11), (92,93), (-1,10), (73,74), (49,50), (-1,3), (61,62), (29,30), (42,43),  time: 0.145719 secs
k = 54 	 ENS = 2347.593323 : (-1,6), (30,31), (18,19), (69,70), (8,67), (27,28), (64,65), (37,38), (16,17), (17,18), (63,64), (45,46), (56,57), (28,29), (32,33), (46,47), (-1,7), (1,12), (-1,2), (91,92), (93,94), (86,87), (62,63), (15,16), (13,14), (18,20), (77,78), (18,21), (79,80), (90,91), (82,83), (31,32), (65,66), (-1,4), (23,25), (52,53), (-1,9), (49,52), (32,34), (89,90), (44,45), (39,40), (14,15), (23,24), (92,93), (-1,5), (-1,10), (73,74), (11,88), (49,50), (-1,3), (61,62), (29,30), (42,43),  time: 1.422364 secs
k = 55 	 ENS = 2346.494298 : (-1,6), (30,31), (18,19), (69,70), (27,28), (9,76), (64,65), (37,38), (16,17), (17,18), (63,64), (45,46), (56,57), (28,29), (32,33), (46,47), (-1,7), (1,12), (47,48), (-1,2), (91,92), (93,94), (3,26), (86,87), (62,63), (15,16), (13,14), (18,20), (77,78), (18,21), (79,80), (90,91), (82,83), (31,32), (65,66), (-1,4), (23,25), (52,53), (49,52), (32,34), (89,90), (44,45), (39,40), (14,15), (23,24), (92,93), (-1,5), (-1,10), (73,74), (11,88), (49,50), (61,62), (-1,8), (29,30), (42,43),  time: 0.499503 secs
k = 56 	 ENS = 2345.481393 : (30,31), (18,19), (69,70), (27,28), (9,76), (64,65), (37,38), (16,17), (17,18), (63,64), (45,46), (56,57), (28,29), (32,33), (46,47), (-1,7), (1,12), (47,48), (91,92), (93,94), (86,87), (62,63), (15,16), (13,14), (18,20), (5,41), (77,78), (18,21), (79,80), (90,91), (82,83), (31,32), (65,66), (-1,4), (6,54), (23,25), (52,53), (49,52), (32,34), (89,90), (44,45), (39,40), (14,15), (23,24), (92,93), (-1,10), (73,74), (74,75), (11,88), (49,50), (-1,3), (61,62), (-1,8), (29,30), (2,22), (42,43),  time: 0.496782 secs
k = 57 	 ENS = 2344.567077 : (30,31), (18,19), (69,70), (8,67), (27,28), (9,76), (64,65), (37,38), (16,17), (17,18), (63,64), (45,46), (56,57), (28,29), (32,33), (-1,1), (46,47), (-1,7), (47,48), (-1,2), (91,92), (93,94), (86,87), (62,63), (15,16), (13,14), (18,20), (5,41), (77,78), (18,21), (79,80), (90,91), (82,83), (31,32), (65,66), (-1,4), (6,54), (23,25), (52,53), (49,52), (32,34), (89,90), (44,45), (39,40), (14,15), (23,24), (-1,11), (92,93), (-1,10), (73,74), (74,75), (49,50), (34,35), (-1,3), (61,62), (29,30), (42,43),  time: 0.257615 secs
k = 58 	 ENS = 2343.836065 : (-1,6), (30,31), (18,19), (69,70), (8,67), (27,28), (9,76), (64,65), (37,38), (16,17), (17,18), (63,64), (45,46), (56,57), (28,29), (32,33), (-1,1), (46,47), (-1,7), (47,48), (-1,2), (36,37), (91,92), (93,94), (86,87), (62,63), (15,16), (13,14), (18,20), (5,41), (77,78), (18,21), (79,80), (90,91), (82,83), (31,32), (65,66), (-1,4), (23,25), (52,53), (49,52), (32,34), (89,90), (44,45), (39,40), (14,15), (23,24), (-1,11), (92,93), (-1,10), (73,74), (74,75), (49,50), (34,35), (-1,3), (61,62), (29,30), (42,43),  time: 0.133373 secs
k = 59 	 ENS = 2343.108065 : (30,31), (18,19), (69,70), (27,28), (64,65), (37,38), (16,17), (17,18), (63,64), (45,46), (56,57), (28,29), (32,33), (-1,1), (46,47), (47,48), (-1,2), (36,37), (91,92), (93,94), (3,26), (86,87), (62,63), (15,16), (7,58), (13,14), (18,20), (77,78), (18,21), (79,80), (90,91), (82,83), (31,32), (65,66), (-1,4), (6,54), (23,25), (52,53), (-1,9), (49,52), (32,34), (89,90), (44,45), (39,40), (14,15), (23,24), (-1,11), (92,93), (-1,5), (-1,10), (73,74), (74,75), (49,50), (34,35), (61,62), (43,44), (-1,8), (29,30), (42,43),  time: 0.067457 secs
k = 60 	 ENS = 2342.431240 : (-1,6), (30,31), (18,19), (69,70), (27,28), (9,76), (64,65), (37,38), (16,17), (17,18), (63,64), (45,46), (56,57), (28,29), (32,33), (46,47), (-1,7), (1,12), (47,48), (-1,2), (36,37), (91,92), (93,94), (3,26), (86,87), (62,63), (15,16), (13,14), (18,20), (5,41), (77,78), (18,21), (79,80), (90,91), (82,83), (31,32), (65,66), (-1,4), (23,25), (52,53), (49,52), (32,34), (89,90), (44,45), (39,40), (14,15), (23,24), (92,93), (-1,10), (73,74), (74,75), (11,88), (49,50), (34,35), (38,39), (61,62), (43,44), (-1,8), (29,30), (42,43),  time: 0.050519 secs
k = 61 	 ENS = 2341.849508 : (-1,6), (30,31), (18,19), (69,70), (27,28), (64,65), (37,38), (16,17), (17,18), (63,64), (45,46), (56,57), (28,29), (32,33), (-1,1), (46,47), (47,48), (-1,2), (36,37), (91,92), (93,94), (86,87), (62,63), (15,16), (7,58), (13,14), (18,20), (5,41), (77,78), (18,21), (79,80), (90,91), (82,83), (31,32), (65,66), (-1,4), (23,25), (52,53), (50,51), (-1,9), (49,52), (32,34), (89,90), (44,45), (39,40), (14,15), (23,24), (92,93), (-1,10), (73,74), (74,75), (11,88), (49,50), (34,35), (38,39), (-1,3), (61,62), (43,44), (-1,8), (29,30), (42,43),  time: 0.021397 secs
k = 62 	 ENS = 2341.268174 : (30,31), (18,19), (69,70), (72,73), (8,67), (27,28), (9,76), (64,65), (37,38), (16,17), (17,18), (63,64), (45,46), (56,57), (28,29), (32,33), (46,47), (-1,7), (1,12), (47,48), (-1,2), (36,37), (91,92), (93,94), (86,87), (62,63), (15,16), (13,14), (18,20), (5,41), (77,78), (18,21), (79,80), (90,91), (82,83), (31,32), (65,66), (-1,4), (6,54), (23,25), (52,53), (50,51), (49,52), (32,34), (89,90), (44,45), (39,40), (14,15), (23,24), (-1,11), (92,93), (-1,10), (73,74), (74,75), (49,50), (34,35), (38,39), (-1,3), (61,62), (43,44), (29,30), (42,43),  time: 0.013806 secs
k = 63 	 ENS = 2340.721649 : (-1,6), (30,31), (18,19), (69,70), (72,73), (8,67), (27,28), (9,76), (64,65), (37,38), (16,17), (55,56), (17,18), (63,64), (45,46), (56,57), (28,29), (32,33), (-1,1), (46,47), (-1,7), (47,48), (-1,2), (36,37), (91,92), (93,94), (86,87), (62,63), (15,16), (13,14), (18,20), (5,41), (77,78), (18,21), (79,80), (90,91), (82,83), (31,32), (65,66), (-1,4), (23,25), (52,53), (50,51), (49,52), (32,34), (89,90), (44,45), (39,40), (14,15), (23,24), (-1,11), (92,93), (-1,10), (73,74), (74,75), (49,50), (34,35), (38,39), (-1,3), (61,62), (43,44), (29,30), (42,43),  time: 0.017254 secs
k = 64 	 ENS = 2340.502919 : (-1,6), (30,31), (18,19), (69,70), (72,73), (8,67), (27,28), (9,76), (64,65), (37,38), (16,17), (55,56), (17,18), (63,64), (45,46), (56,57), (28,29), (32,33), (46,47), (-1,7), (1,12), (47,48), (36,37), (91,92), (93,94), (86,87), (62,63), (15,16), (13,14), (18,20), (77,78), (18,21), (79,80), (90,91), (82,83), (31,32), (65,66), (-1,4), (23,25), (52,53), (50,51), (49,52), (32,34), (89,90), (44,45), (39,40), (14,15), (23,24), (-1,11), (92,93), (-1,5), (-1,10), (73,74), (74,75), (49,50), (34,35), (38,39), (-1,3), (61,62), (43,44), (29,30), (68,69), (2,22), (42,43),  time: 0.007331 secs
k = 65 	 ENS = 2340.539833 : (-1,6), (30,31), (18,19), (69,70), (48,49), (72,73), (8,67), (27,28), (9,76), (64,65), (37,38), (16,17), (55,56), (17,18), (63,64), (45,46), (56,57), (28,29), (32,33), (46,47), (-1,7), (1,12), (47,48), (-1,2), (36,37), (91,92), (93,94), (86,87), (62,63), (15,16), (13,14), (18,20), (5,41), (77,78), (18,21), (79,80), (90,91), (82,83), (31,32), (65,66), (-1,4), (71,72), (23,25), (52,53), (50,51), (49,52), (32,34), (89,90), (44,45), (39,40), (14,15), (23,24), (-1,11), (92,93), (-1,10), (73,74), (74,75), (49,50), (34,35), (38,39), (-1,3), (61,62), (43,44), (29,30), (42,43),  time: 0.005547 secs
k = 66 	 ENS = 2340.321103 : (-1,6), (30,31), (18,19), (69,70), (48,49), (72,73), (8,67), (27,28), (64,65), (37,38), (16,17), (55,56), (17,18), (63,64), (45,46), (56,57), (28,29), (32,33), (-1,1), (46,47), (-1,7), (47,48), (36,37), (91,92), (93,94), (86,87), (62,63), (15,16), (13,14), (18,20), (77,78), (18,21), (79,80), (90,91), (82,83), (31,32), (65,66), (-1,4), (71,72), (23,25), (52,53), (50,51), (-1,9), (49,52), (32,34), (89,90), (44,45), (39,40), (14,15), (23,24), (-1,11), (92,93), (-1,5), (-1,10), (73,74), (74,75), (49,50), (34,35), (38,39), (-1,3), (61,62), (43,44), (29,30), (68,69), (2,22), (42,43),  time: 0.003068 secs
k = 67 	 ENS = 2340.321103 : (-1,6), (30,31), (18,19), (69,70), (48,49), (72,73), (8,67), (27,28), (9,76), (64,65), (37,38), (16,17), (55,56), (17,18), (63,64), (45,46), (56,57), (28,29), (32,33), (-1,1), (46,47), (-1,7), (47,48), (-1,2), (36,37), (91,92), (93,94), (86,87), (62,63), (15,16), (13,14), (18,20), (5,41), (77,78), (18,21), (79,80), (90,91), (82,83), (31,32), (65,66), (-1,4), (71,72), (23,25), (52,53), (50,51), (49,52), (32,34), (89,90), (44,45), (39,40), (14,15), (23,24), (-1,11), (92,93), (-1,10), (73,74), (74,75), (49,50), (34,35), (38,39), (-1,3), (61,62), (43,44), (29,30), (68,69), (42,43),  time: 0.002058 secs
k = 68 	 ENS = 2340.321103 : (-1,6), (30,31), (18,19), (69,70), (48,49), (72,73), (8,67), (27,28), (9,76), (64,65), (37,38), (16,17), (55,56), (17,18), (63,64), (45,46), (56,57), (28,29), (32,33), (-1,1), (46,47), (-1,7), (47,48), (-1,2), (36,37), (91,92), (93,94), (86,87), (62,63), (15,16), (13,14), (18,20), (5,41), (77,78), (18,21), (79,80), (90,91), (82,83), (31,32), (65,66), (-1,4), (71,72), (23,25), (52,53), (12,13), (50,51), (49,52), (32,34), (89,90), (44,45), (39,40), (14,15), (23,24), (-1,11), (92,93), (-1,10), (73,74), (74,75), (49,50), (34,35), (38,39), (-1,3), (61,62), (43,44), (29,30), (68,69), (42,43),  time: 0.002099 secs
k = 69 	 ENS = 2340.321103 : (-1,6), (30,31), (18,19), (69,70), (48,49), (72,73), (8,67), (27,28), (9,76), (64,65), (37,38), (16,17), (55,56), (17,18), (63,64), (45,46), (56,57), (28,29), (32,33), (-1,1), (46,47), (-1,7), (47,48), (-1,2), (36,37), (91,92), (93,94), (86,87), (62,63), (15,16), (13,14), (18,20), (5,41), (77,78), (18,21), (79,80), (90,91), (82,83), (31,32), (65,66), (-1,4), (71,72), (23,25), (52,53), (12,13), (50,51), (4,36), (49,52), (32,34), (89,90), (44,45), (39,40), (14,15), (23,24), (-1,11), (92,93), (-1,10), (73,74), (74,75), (49,50), (34,35), (38,39), (-1,3), (61,62), (43,44), (29,30), (68,69), (42,43),  time: 0.002129 secs
k = 70 	 ENS = 2340.321103 : (-1,6), (30,31), (18,19), (69,70), (48,49), (72,73), (8,67), (27,28), (9,76), (64,65), (37,38), (16,17), (55,56), (17,18), (63,64), (45,46), (56,57), (28,29), (32,33), (-1,1), (46,47), (-1,7), (47,48), (-1,2), (36,37), (91,92), (93,94), (86,87), (62,63), (15,16), (13,14), (18,20), (5,41), (77,78), (18,21), (79,80), (90,91), (82,83), (31,32), (65,66), (-1,4), (71,72), (23,25), (52,53), (12,13), (50,51), (4,36), (49,52), (32,34), (89,90), (44,45), (39,40), (14,15), (23,24), (-1,11), (92,93), (-1,10), (73,74), (74,75), (49,50), (34,35), (38,39), (-1,3), (61,62), (43,44), (29,30), (68,69), (42,43),  time: 0.002148 secs
k = 71 	 ENS = 2340.321103 : (-1,6), (30,31), (18,19), (69,70), (48,49), (72,73), (8,67), (27,28), (9,76), (64,65), (37,38), (16,17), (55,56), (17,18), (63,64), (45,46), (56,57), (28,29), (32,33), (-1,1), (46,47), (-1,7), (47,48), (-1,2), (36,37), (91,92), (93,94), (86,87), (62,63), (15,16), (13,14), (18,20), (5,41), (77,78), (18,21), (79,80), (90,91), (82,83), (31,32), (65,66), (-1,4), (71,72), (23,25), (52,53), (12,13), (50,51), (4,36), (49,52), (32,34), (89,90), (44,45), (39,40), (14,15), (23,24), (-1,11), (92,93), (-1,10), (73,74), (74,75), (49,50), (34,35), (38,39), (-1,3), (61,62), (43,44), (29,30), (68,69), (42,43),  time: 0.002073 secs
k = 72 	 ENS = 2340.321103 : (-1,6), (30,31), (18,19), (69,70), (48,49), (72,73), (8,67), (27,28), (9,76), (64,65), (37,38), (16,17), (55,56), (17,18), (63,64), (45,46), (56,57), (28,29), (32,33), (-1,1), (46,47), (-1,7), (47,48), (-1,2), (36,37), (91,92), (93,94), (86,87), (62,63), (15,16), (13,14), (18,20), (5,41), (77,78), (18,21), (79,80), (90,91), (82,83), (31,32), (65,66), (-1,4), (71,72), (23,25), (52,53), (12,13), (50,51), (4,36), (49,52), (32,34), (89,90), (44,45), (39,40), (14,15), (23,24), (-1,11), (92,93), (-1,10), (73,74), (74,75), (49,50), (34,35), (38,39), (-1,3), (61,62), (43,44), (29,30), (68,69), (42,43),  time: 0.002093 secs
k = 73 	 ENS = 2340.321103 : (-1,6), (30,31), (18,19), (69,70), (48,49), (72,73), (8,67), (27,28), (9,76), (64,65), (37,38), (16,17), (55,56), (17,18), (63,64), (45,46), (56,57), (28,29), (32,33), (-1,1), (46,47), (-1,7), (47,48), (-1,2), (36,37), (91,92), (93,94), (86,87), (62,63), (15,16), (13,14), (18,20), (5,41), (77,78), (18,21), (79,80), (90,91), (82,83), (31,32), (65,66), (-1,4), (71,72), (23,25), (52,53), (12,13), (50,51), (4,36), (49,52), (32,34), (89,90), (44,45), (39,40), (14,15), (23,24), (-1,11), (92,93), (-1,10), (73,74), (74,75), (49,50), (34,35), (38,39), (-1,3), (61,62), (43,44), (29,30), (68,69), (42,43),  time: 0.002166 secs
k = 74 	 ENS = 2340.321103 : (-1,6), (30,31), (18,19), (69,70), (48,49), (72,73), (8,67), (27,28), (9,76), (64,65), (37,38), (16,17), (55,56), (17,18), (63,64), (45,46), (56,57), (28,29), (32,33), (-1,1), (46,47), (-1,7), (47,48), (-1,2), (36,37), (91,92), (93,94), (86,87), (62,63), (15,16), (13,14), (18,20), (5,41), (77,78), (18,21), (79,80), (90,91), (82,83), (31,32), (65,66), (-1,4), (71,72), (23,25), (52,53), (12,13), (50,51), (4,36), (49,52), (32,34), (89,90), (44,45), (39,40), (14,15), (23,24), (-1,11), (92,93), (-1,10), (73,74), (74,75), (49,50), (34,35), (38,39), (-1,3), (61,62), (43,44), (29,30), (68,69), (42,43),  time: 0.002188 secs
k = 75 	 ENS = 2340.321103 : (-1,6), (30,31), (18,19), (69,70), (48,49), (72,73), (8,67), (27,28), (9,76), (64,65), (37,38), (16,17), (55,56), (17,18), (63,64), (45,46), (56,57), (28,29), (32,33), (-1,1), (46,47), (-1,7), (47,48), (-1,2), (36,37), (91,92), (93,94), (86,87), (62,63), (15,16), (13,14), (18,20), (5,41), (77,78), (18,21), (79,80), (90,91), (82,83), (31,32), (65,66), (-1,4), (71,72), (23,25), (52,53), (12,13), (50,51), (4,36), (49,52), (32,34), (89,90), (44,45), (39,40), (14,15), (23,24), (-1,11), (92,93), (-1,10), (73,74), (74,75), (49,50), (34,35), (38,39), (-1,3), (61,62), (43,44), (29,30), (68,69), (42,43),  time: 0.002207 secs
k = 76 	 ENS = 2340.321103 : (-1,6), (30,31), (18,19), (69,70), (48,49), (72,73), (8,67), (27,28), (9,76), (64,65), (37,38), (16,17), (55,56), (17,18), (63,64), (45,46), (56,57), (28,29), (32,33), (-1,1), (46,47), (-1,7), (47,48), (-1,2), (36,37), (91,92), (93,94), (86,87), (62,63), (15,16), (13,14), (18,20), (5,41), (77,78), (18,21), (79,80), (90,91), (82,83), (31,32), (65,66), (-1,4), (71,72), (23,25), (52,53), (12,13), (50,51), (4,36), (49,52), (32,34), (89,90), (44,45), (39,40), (14,15), (23,24), (-1,11), (92,93), (-1,10), (73,74), (74,75), (49,50), (34,35), (38,39), (-1,3), (61,62), (43,44), (29,30), (68,69), (42,43),  time: 0.002103 secs
k = 77 	 ENS = 2340.321103 : (-1,6), (30,31), (18,19), (69,70), (48,49), (72,73), (8,67), (27,28), (9,76), (64,65), (37,38), (16,17), (55,56), (17,18), (63,64), (45,46), (56,57), (28,29), (32,33), (-1,1), (46,47), (-1,7), (47,48), (-1,2), (36,37), (91,92), (93,94), (86,87), (62,63), (15,16), (13,14), (18,20), (5,41), (77,78), (18,21), (79,80), (90,91), (82,83), (31,32), (65,66), (-1,4), (71,72), (23,25), (52,53), (12,13), (50,51), (4,36), (49,52), (32,34), (89,90), (44,45), (39,40), (14,15), (23,24), (-1,11), (92,93), (-1,10), (73,74), (74,75), (49,50), (34,35), (38,39), (-1,3), (61,62), (43,44), (29,30), (68,69), (42,43),  time: 0.002138 secs
k = 78 	 ENS = 2340.321103 : (-1,6), (30,31), (18,19), (69,70), (48,49), (72,73), (8,67), (27,28), (9,76), (64,65), (37,38), (16,17), (55,56), (17,18), (63,64), (45,46), (56,57), (28,29), (32,33), (-1,1), (46,47), (-1,7), (47,48), (-1,2), (36,37), (91,92), (93,94), (86,87), (62,63), (15,16), (13,14), (18,20), (5,41), (77,78), (18,21), (79,80), (90,91), (82,83), (31,32), (65,66), (-1,4), (71,72), (23,25), (52,53), (12,13), (50,51), (4,36), (49,52), (32,34), (89,90), (44,45), (39,40), (14,15), (23,24), (-1,11), (92,93), (-1,10), (73,74), (74,75), (49,50), (34,35), (38,39), (-1,3), (61,62), (43,44), (29,30), (68,69), (42,43),  time: 0.002120 secs
k = 79 	 ENS = 2340.321103 : (-1,6), (30,31), (18,19), (69,70), (48,49), (72,73), (8,67), (27,28), (9,76), (64,65), (37,38), (16,17), (55,56), (17,18), (63,64), (45,46), (56,57), (28,29), (32,33), (-1,1), (46,47), (-1,7), (47,48), (-1,2), (36,37), (91,92), (93,94), (86,87), (62,63), (15,16), (13,14), (18,20), (5,41), (77,78), (18,21), (79,80), (90,91), (82,83), (31,32), (65,66), (-1,4), (71,72), (23,25), (52,53), (12,13), (50,51), (4,36), (49,52), (32,34), (89,90), (44,45), (39,40), (14,15), (23,24), (-1,11), (92,93), (-1,10), (73,74), (74,75), (49,50), (34,35), (38,39), (-1,3), (61,62), (43,44), (29,30), (68,69), (42,43),  time: 0.002070 secs
k = 80 	 ENS = 2340.321103 : (-1,6), (30,31), (18,19), (69,70), (48,49), (72,73), (8,67), (27,28), (9,76), (64,65), (37,38), (16,17), (55,56), (17,18), (63,64), (45,46), (56,57), (28,29), (32,33), (-1,1), (46,47), (-1,7), (47,48), (-1,2), (36,37), (91,92), (93,94), (86,87), (62,63), (15,16), (13,14), (18,20), (5,41), (77,78), (18,21), (79,80), (90,91), (82,83), (31,32), (65,66), (-1,4), (71,72), (23,25), (52,53), (12,13), (50,51), (4,36), (49,52), (32,34), (89,90), (44,45), (39,40), (14,15), (23,24), (-1,11), (92,93), (-1,10), (73,74), (74,75), (49,50), (34,35), (38,39), (-1,3), (61,62), (43,44), (29,30), (68,69), (42,43),  time: 0.002060 secs
k = 81 	 ENS = 2340.321103 : (-1,6), (30,31), (18,19), (69,70), (48,49), (72,73), (8,67), (27,28), (9,76), (64,65), (37,38), (16,17), (55,56), (17,18), (63,64), (45,46), (56,57), (28,29), (32,33), (-1,1), (46,47), (-1,7), (47,48), (-1,2), (36,37), (91,92), (93,94), (86,87), (62,63), (15,16), (13,14), (18,20), (5,41), (77,78), (18,21), (79,80), (90,91), (82,83), (31,32), (65,66), (-1,4), (71,72), (23,25), (52,53), (12,13), (50,51), (4,36), (49,52), (32,34), (89,90), (44,45), (39,40), (14,15), (23,24), (-1,11), (92,93), (-1,10), (73,74), (74,75), (49,50), (34,35), (38,39), (-1,3), (61,62), (43,44), (29,30), (68,69), (42,43),  time: 0.002070 secs
k = 82 	 ENS = 2340.321103 : (-1,6), (30,31), (18,19), (69,70), (48,49), (72,73), (8,67), (27,28), (9,76), (64,65), (37,38), (16,17), (55,56), (17,18), (63,64), (45,46), (56,57), (28,29), (32,33), (-1,1), (46,47), (-1,7), (47,48), (-1,2), (36,37), (91,92), (93,94), (86,87), (62,63), (15,16), (13,14), (18,20), (5,41), (77,78), (18,21), (79,80), (90,91), (82,83), (31,32), (65,66), (-1,4), (71,72), (23,25), (52,53), (12,13), (50,51), (4,36), (49,52), (32,34), (89,90), (44,45), (39,40), (14,15), (23,24), (-1,11), (92,93), (-1,10), (73,74), (74,75), (49,50), (34,35), (38,39), (-1,3), (61,62), (43,44), (29,30), (68,69), (42,43),  time: 0.002095 secs
k = 83 	 ENS = 2340.321103 : (-1,6), (30,31), (18,19), (69,70), (48,49), (72,73), (8,67), (27,28), (9,76), (64,65), (37,38), (16,17), (55,56), (17,18), (63,64), (45,46), (56,57), (28,29), (32,33), (-1,1), (46,47), (-1,7), (47,48), (-1,2), (36,37), (91,92), (93,94), (86,87), (62,63), (15,16), (13,14), (18,20), (5,41), (77,78), (18,21), (79,80), (90,91), (82,83), (31,32), (65,66), (-1,4), (71,72), (23,25), (52,53), (12,13), (50,51), (4,36), (49,52), (32,34), (89,90), (44,45), (39,40), (14,15), (23,24), (-1,11), (92,93), (-1,10), (73,74), (74,75), (49,50), (34,35), (38,39), (-1,3), (61,62), (43,44), (29,30), (68,69), (42,43),  time: 0.002125 secs
k = 84 	 ENS = 2340.321103 : (-1,6), (30,31), (18,19), (69,70), (48,49), (72,73), (8,67), (27,28), (9,76), (64,65), (37,38), (16,17), (55,56), (17,18), (63,64), (45,46), (56,57), (28,29), (32,33), (-1,1), (46,47), (-1,7), (47,48), (-1,2), (36,37), (91,92), (93,94), (86,87), (62,63), (15,16), (13,14), (18,20), (5,41), (77,78), (18,21), (79,80), (90,91), (82,83), (31,32), (65,66), (-1,4), (71,72), (23,25), (52,53), (12,13), (50,51), (4,36), (49,52), (32,34), (89,90), (44,45), (39,40), (14,15), (23,24), (-1,11), (92,93), (-1,10), (73,74), (74,75), (49,50), (34,35), (38,39), (-1,3), (61,62), (43,44), (29,30), (68,69), (42,43),  time: 0.002109 secs
k = 85 	 ENS = 2340.321103 : (-1,6), (30,31), (18,19), (69,70), (48,49), (72,73), (8,67), (27,28), (9,76), (64,65), (37,38), (16,17), (55,56), (17,18), (63,64), (45,46), (56,57), (28,29), (32,33), (-1,1), (46,47), (-1,7), (47,48), (-1,2), (36,37), (91,92), (93,94), (86,87), (62,63), (15,16), (13,14), (18,20), (5,41), (77,78), (18,21), (79,80), (90,91), (82,83), (31,32), (65,66), (-1,4), (71,72), (23,25), (52,53), (12,13), (50,51), (4,36), (49,52), (32,34), (89,90), (44,45), (39,40), (14,15), (23,24), (-1,11), (92,93), (-1,10), (73,74), (74,75), (49,50), (34,35), (38,39), (-1,3), (61,62), (43,44), (29,30), (68,69), (42,43),  time: 0.002515 secs
k = 86 	 ENS = 2340.321103 : (-1,6), (30,31), (18,19), (69,70), (48,49), (72,73), (8,67), (27,28), (9,76), (64,65), (37,38), (16,17), (55,56), (17,18), (63,64), (45,46), (56,57), (28,29), (32,33), (-1,1), (46,47), (-1,7), (47,48), (-1,2), (36,37), (91,92), (93,94), (86,87), (62,63), (15,16), (13,14), (18,20), (5,41), (77,78), (18,21), (79,80), (90,91), (82,83), (31,32), (65,66), (-1,4), (71,72), (23,25), (52,53), (12,13), (50,51), (4,36), (49,52), (32,34), (89,90), (44,45), (39,40), (14,15), (23,24), (-1,11), (92,93), (-1,10), (73,74), (74,75), (49,50), (34,35), (38,39), (-1,3), (61,62), (43,44), (29,30), (68,69), (42,43),  time: 0.002202 secs
k = 87 	 ENS = 2340.321103 : (-1,6), (30,31), (18,19), (69,70), (48,49), (72,73), (8,67), (27,28), (9,76), (64,65), (37,38), (16,17), (55,56), (17,18), (63,64), (45,46), (56,57), (28,29), (32,33), (-1,1), (46,47), (-1,7), (47,48), (-1,2), (36,37), (91,92), (93,94), (86,87), (62,63), (15,16), (13,14), (18,20), (5,41), (77,78), (18,21), (79,80), (90,91), (82,83), (31,32), (65,66), (-1,4), (71,72), (23,25), (52,53), (12,13), (50,51), (4,36), (49,52), (32,34), (89,90), (44,45), (39,40), (14,15), (23,24), (-1,11), (92,93), (-1,10), (73,74), (74,75), (49,50), (34,35), (38,39), (-1,3), (61,62), (43,44), (29,30), (68,69), (42,43),  time: 0.002062 secs
k = 88 	 ENS = 2340.321103 : (-1,6), (30,31), (18,19), (69,70), (48,49), (72,73), (8,67), (27,28), (9,76), (64,65), (37,38), (16,17), (55,56), (17,18), (63,64), (45,46), (56,57), (28,29), (32,33), (-1,1), (46,47), (-1,7), (47,48), (-1,2), (36,37), (91,92), (93,94), (86,87), (62,63), (15,16), (13,14), (18,20), (5,41), (77,78), (18,21), (79,80), (90,91), (82,83), (31,32), (65,66), (-1,4), (71,72), (23,25), (52,53), (12,13), (50,51), (4,36), (49,52), (32,34), (89,90), (44,45), (39,40), (14,15), (23,24), (-1,11), (92,93), (-1,10), (73,74), (74,75), (49,50), (34,35), (38,39), (-1,3), (61,62), (43,44), (29,30), (68,69), (42,43),  time: 0.002099 secs
k = 89 	 ENS = 2340.321103 : (-1,6), (30,31), (18,19), (69,70), (48,49), (72,73), (8,67), (27,28), (9,76), (64,65), (37,38), (16,17), (55,56), (17,18), (63,64), (45,46), (56,57), (28,29), (32,33), (-1,1), (46,47), (-1,7), (47,48), (-1,2), (36,37), (91,92), (93,94), (86,87), (62,63), (15,16), (13,14), (18,20), (5,41), (77,78), (18,21), (79,80), (90,91), (82,83), (31,32), (65,66), (-1,4), (71,72), (23,25), (52,53), (12,13), (50,51), (4,36), (49,52), (32,34), (89,90), (44,45), (39,40), (14,15), (23,24), (-1,11), (92,93), (-1,10), (73,74), (74,75), (49,50), (34,35), (38,39), (-1,3), (61,62), (43,44), (29,30), (68,69), (42,43),  time: 0.002090 secs
k = 90 	 ENS = 2340.321103 : (-1,6), (30,31), (18,19), (69,70), (48,49), (72,73), (8,67), (27,28), (9,76), (64,65), (37,38), (16,17), (55,56), (17,18), (63,64), (45,46), (56,57), (28,29), (32,33), (-1,1), (46,47), (-1,7), (47,48), (-1,2), (36,37), (91,92), (93,94), (86,87), (62,63), (15,16), (13,14), (18,20), (5,41), (77,78), (18,21), (79,80), (90,91), (82,83), (31,32), (65,66), (-1,4), (71,72), (23,25), (52,53), (12,13), (50,51), (4,36), (49,52), (32,34), (89,90), (44,45), (39,40), (14,15), (23,24), (-1,11), (92,93), (-1,10), (73,74), (74,75), (49,50), (34,35), (38,39), (-1,3), (61,62), (43,44), (29,30), (68,69), (42,43),  time: 0.002065 secs
k = 91 	 ENS = 2340.321103 : (-1,6), (30,31), (18,19), (69,70), (48,49), (72,73), (8,67), (27,28), (9,76), (64,65), (37,38), (16,17), (55,56), (17,18), (63,64), (45,46), (56,57), (28,29), (32,33), (-1,1), (46,47), (-1,7), (47,48), (-1,2), (36,37), (91,92), (93,94), (86,87), (62,63), (15,16), (13,14), (18,20), (5,41), (77,78), (18,21), (79,80), (90,91), (82,83), (31,32), (65,66), (-1,4), (71,72), (23,25), (52,53), (12,13), (50,51), (4,36), (49,52), (32,34), (89,90), (44,45), (39,40), (14,15), (23,24), (-1,11), (92,93), (-1,10), (73,74), (74,75), (49,50), (34,35), (38,39), (-1,3), (61,62), (43,44), (29,30), (68,69), (42,43),  time: 0.002094 secs
k = 92 	 ENS = 2340.321103 : (-1,6), (30,31), (18,19), (69,70), (48,49), (72,73), (8,67), (27,28), (9,76), (64,65), (37,38), (16,17), (55,56), (17,18), (63,64), (45,46), (56,57), (28,29), (32,33), (-1,1), (46,47), (-1,7), (47,48), (-1,2), (36,37), (91,92), (93,94), (86,87), (62,63), (15,16), (13,14), (18,20), (5,41), (77,78), (18,21), (79,80), (90,91), (82,83), (31,32), (65,66), (-1,4), (71,72), (23,25), (52,53), (12,13), (50,51), (4,36), (49,52), (32,34), (89,90), (44,45), (39,40), (14,15), (23,24), (-1,11), (92,93), (-1,10), (73,74), (74,75), (49,50), (34,35), (38,39), (-1,3), (61,62), (43,44), (29,30), (68,69), (42,43),  time: 0.002233 secs
k = 93 	 ENS = 2340.321103 : (-1,6), (30,31), (18,19), (60,61), (69,70), (48,49), (72,73), (8,67), (27,28), (9,76), (64,65), (37,38), (16,17), (55,56), (17,18), (63,64), (45,46), (56,57), (28,29), (32,33), (-1,1), (46,47), (-1,7), (1,12), (47,48), (-1,2), (36,37), (78,79), (22,23), (26,27), (91,92), (93,94), (70,71), (85,86), (76,77), (3,26), (86,87), (62,63), (67,68), (15,16), (7,58), (13,14), (18,20), (5,41), (59,60), (77,78), (18,21), (79,80), (90,91), (84,85), (82,83), (31,32), (54,55), (65,66), (71,72), (6,54), (58,59), (23,25), (52,53), (12,13), (50,51), (88,89), (4,36), (-1,9), (49,52), (32,34), (89,90), (44,45), (39,40), (14,15), (80,81), (81,82), (23,24), (-1,11), (92,93), (-1,5), (41,42), (-1,10), (73,74), (74,75), (10,84), (11,88), (49,50), (34,35), (38,39), (-1,3), (61,62), (43,44), (-1,8), (29,30), (68,69), (2,22), (42,43),  time: 0.000582 secs
k = 94 	 ENS = 2340.321103 : (-1,6), (30,31), (18,19), (60,61), (69,70), (48,49), (72,73), (8,67), (27,28), (9,76), (64,65), (37,38), (16,17), (55,56), (17,18), (63,64), (45,46), (56,57), (28,29), (32,33), (-1,1), (46,47), (-1,7), (1,12), (47,48), (-1,2), (36,37), (78,79), (22,23), (26,27), (91,92), (93,94), (70,71), (85,86), (76,77), (3,26), (86,87), (62,63), (67,68), (15,16), (7,58), (13,14), (18,20), (5,41), (59,60), (77,78), (18,21), (79,80), (90,91), (84,85), (82,83), (31,32), (54,55), (65,66), (-1,4), (71,72), (6,54), (58,59), (23,25), (52,53), (12,13), (50,51), (88,89), (4,36), (-1,9), (49,52), (32,34), (89,90), (44,45), (39,40), (14,15), (80,81), (81,82), (23,24), (-1,11), (92,93), (-1,5), (41,42), (-1,10), (73,74), (74,75), (10,84), (11,88), (49,50), (34,35), (38,39), (-1,3), (61,62), (43,44), (-1,8), (29,30), (68,69), (2,22), (42,43),  time: 0.000125 secs
Total time: 202.680555 secs