k = 0 	 ENS = 107229.956481 :  time: 0.000406 secs
k = 1 	 ENS = 82358.662436 : (7,100),  time: 0.008423 secs
k = 2 	 ENS = 66163.061797 : (-1,3), (7,100),  time: 0.001831 secs
k = 3 	 ENS = 53973.593655 : (-1,3), (4,64), (7,100),  time: 0.003441 secs
k = 4 	 ENS = 44745.169308 : (-1,3), (4,64), (7,100), (-1,2),  time: 0.002703 secs
k = 5 	 ENS = 35844.680236 : (-1,3), (-1,4), (1,137), (-1,2), (-1,7),  time: 0.001928 secs
k = 6 	 ENS = 27888.011558 : (-1,3), (5,76), (-1,4), (1,137), (7,100), (-1,2),  time: 0.002078 secs
k = 7 	 ENS = 19933.925836 : (-1,3), (5,76), (-1,4), (8,122), (-1,1), (-1,2), (-1,7),  time: 0.002027 secs
k = 8 	 ENS = 14110.968730 : (-1,6), (-1,3), (-1,4), (8,122), (-1,5), (2,18), (7,100), (-1,1),  time: 0.003407 secs
k = 9 	 ENS = 12149.294029 : (-1,6), (5,76), (4,64), (8,122), (2,18), (7,100), (-1,1), (3,40), (107,108),  time: 0.016674 secs
k = 10 	 ENS = 11096.738487 : (-1,3), (4,64), (1,137), (8,122), (-1,5), (6,86), (7,100), (41,42), (-1,2), (107,108),  time: 0.044027 secs
k = 11 	 ENS = 10156.005067 : (5,76), (-1,4), (8,122), (6,86), (2,18), (7,100), (41,42), (-1,1), (3,40), (107,108), (102,103),  time: 0.049287 secs
k = 12 	 ENS = 9629.237617 : (5,76), (4,64), (8,122), (53,57), (6,86), (7,100), (41,42), (-1,1), (3,40), (-1,2), (107,108), (102,103),  time: 0.157417 secs
k = 13 	 ENS = 9156.783889 : (-1,3), (5,76), (90,91), (-1,4), (8,122), (53,57), (6,86), (7,100), (41,42), (-1,1), (-1,2), (107,108), (102,103),  time: 0.297178 secs
k = 14 	 ENS = 8791.588188 : (-1,6), (-1,8), (5,76), (4,64), (90,91), (53,57), (71,72), (7,100), (41,42), (-1,1), (3,40), (-1,2), (107,108), (102,103),  time: 0.910939 secs
k = 15 	 ENS = 8428.619567 : (-1,6), (142,9), (-1,8), (5,76), (4,64), (90,91), (1,137), (53,57), (71,72), (2,18), (41,42), (3,40), (107,108), (102,103), (-1,7),  time: 7.473464 secs
k = 16 	 ENS = 8066.098113 : (142,9), (-1,3), (-1,8), (5,76), (4,64), (90,91), (53,57), (71,72), (6,86), (7,100), (108,109), (41,42), (-1,1), (111,112), (-1,2), (102,103),  time: 5.727325 secs
k = 17 	 ENS = 7751.590547 : (-1,6), (142,9), (-1,8), (5,76), (4,64), (90,91), (53,57), (71,72), (7,100), (108,109), (41,42), (-1,1), (111,112), (28,29), (3,40), (-1,2), (102,103),  time: 5.276921 secs
k = 18 	 ENS = 7468.471993 : (-1,6), (142,9), (-1,3), (5,76), (4,64), (90,91), (8,122), (53,57), (71,72), (7,100), (108,109), (41,42), (-1,1), (111,112), (28,29), (-1,2), (102,103), (44,45),  time: 25.351835 secs
k = 19 	 ENS = 7237.110669 : (-1,6), (142,9), (90,91), (-1,4), (105,119), (8,122), (-1,5), (53,57), (71,72), (7,100), (108,109), (41,42), (-1,1), (111,112), (28,29), (3,40), (-1,2), (102,103), (44,45),  time: 2.335648 secs
k = 20 	 ENS = 7025.907045 : (142,9), (-1,3), (90,91), (-1,4), (105,119), (8,122), (-1,5), (53,57), (71,72), (133,134), (6,86), (2,18), (7,100), (108,109), (41,42), (-1,1), (111,112), (28,29), (102,103), (44,45),  time: 12.531271 secs
k = 21 	 ENS = 6815.291983 : (-1,6), (142,9), (-1,3), (90,91), (-1,4), (1,137), (105,119), (8,122), (-1,5), (53,57), (71,72), (133,134), (7,100), (108,109), (41,42), (111,112), (28,29), (-1,2), (102,103), (44,45), (74,75),  time: 2.448576 secs
k = 22 	 ENS = 6614.502158 : (142,9), (90,91), (-1,4), (105,119), (8,122), (-1,5), (53,57), (71,72), (133,134), (6,86), (2,18), (7,100), (108,109), (41,42), (-1,1), (111,112), (28,29), (3,40), (102,103), (44,45), (21,22), (74,75),  time: 6.649346 secs
k = 23 	 ENS = 6418.368443 : (142,9), (-1,3), (5,76), (4,64), (90,91), (1,137), (105,119), (8,122), (53,57), (71,72), (133,134), (6,86), (2,18), (7,100), (80,81), (108,109), (41,42), (111,112), (28,29), (102,103), (44,45), (21,22), (74,75),  time: 2.380199 secs
k = 24 	 ENS = 6224.884408 : (-1,6), (142,9), (-1,3), (4,64), (90,91), (105,119), (8,122), (-1,5), (53,57), (71,72), (133,134), (2,18), (7,100), (80,81), (108,109), (41,42), (-1,1), (111,112), (28,29), (49,50), (102,103), (44,45), (21,22), (74,75),  time: 8.333069 secs
k = 25 	 ENS = 6039.189709 : (-1,6), (142,9), (-1,3), (90,91), (-1,4), (11,13), (105,119), (8,122), (-1,5), (53,57), (71,72), (133,134), (2,18), (7,100), (80,81), (108,109), (41,42), (-1,1), (111,112), (28,29), (49,50), (102,103), (44,45), (21,22), (74,75),  time: 5.188852 secs
k = 26 	 ENS = 5893.081404 : (-1,6), (9,10), (-1,3), (90,91), (-1,4), (11,13), (105,119), (8,122), (-1,5), (53,57), (71,72), (133,134), (2,18), (7,100), (80,81), (108,109), (41,42), (-1,1), (111,112), (28,29), (49,50), (102,103), (44,45), (21,22), (9,11), (74,75),  time: 7.799214 secs
k = 27 	 ENS = 5755.287891 : (124,125), (-1,6), (9,10), (-1,3), (90,91), (-1,4), (11,13), (105,119), (8,122), (-1,5), (53,57), (71,72), (133,134), (2,18), (7,100), (80,81), (108,109), (41,42), (-1,1), (111,112), (28,29), (49,50), (102,103), (44,45), (21,22), (9,11), (74,75),  time: 10.142894 secs
k = 28 	 ENS = 5618.015157 : (124,125), (9,10), (-1,3), (90,91), (-1,4), (11,13), (105,119), (8,122), (-1,5), (53,57), (71,72), (133,134), (6,86), (2,18), (7,100), (80,81), (108,109), (41,42), (-1,1), (111,112), (28,29), (49,50), (102,103), (126,127), (44,45), (21,22), (9,11), (74,75),  time: 10.006356 secs
k = 29 	 ENS = 5488.092864 : (124,125), (9,10), (-1,3), (90,91), (-1,4), (11,13), (105,119), (8,122), (-1,5), (53,57), (11,12), (71,72), (11,14), (133,134), (6,86), (2,18), (7,100), (80,81), (108,109), (41,42), (-1,1), (111,112), (28,29), (49,50), (102,103), (126,127), (44,45), (21,22), (74,75),  time: 9.222411 secs
k = 30 	 ENS = 5371.939434 : (124,125), (9,10), (-1,3), (-1,8), (5,76), (4,64), (90,91), (1,137), (11,13), (105,119), (53,57), (11,12), (71,72), (11,14), (133,134), (6,86), (2,18), (7,100), (80,81), (108,109), (41,42), (106,107), (111,112), (28,29), (49,50), (102,103), (126,127), (44,45), (21,22), (74,75),  time: 5.994386 secs
k = 31 	 ENS = 5257.792990 : (124,125), (-1,6), (9,10), (-1,3), (90,91), (-1,4), (1,137), (11,13), (105,119), (8,122), (-1,5), (53,57), (11,12), (71,72), (11,14), (133,134), (7,100), (80,81), (108,109), (41,42), (106,107), (111,112), (28,29), (-1,2), (49,50), (102,103), (126,127), (44,45), (69,70), (21,22), (74,75),  time: 11.063150 secs
k = 32 	 ENS = 5144.357976 : (124,125), (9,10), (90,91), (-1,4), (11,13), (105,119), (8,122), (-1,5), (53,57), (11,12), (71,72), (11,14), (133,134), (29,32), (6,86), (2,18), (7,100), (80,81), (108,109), (41,42), (-1,1), (106,107), (29,30), (111,112), (3,40), (49,50), (102,103), (126,127), (44,45), (69,70), (21,22), (74,75),  time: 14.939134 secs
k = 33 	 ENS = 5056.612822 : (124,125), (-1,6), (9,10), (-1,8), (5,76), (4,64), (90,91), (1,137), (11,13), (105,119), (53,57), (11,12), (71,72), (11,14), (133,134), (29,32), (2,18), (80,81), (108,109), (41,42), (106,107), (29,30), (111,112), (3,40), (49,50), (102,103), (126,127), (-1,7), (44,45), (87,89), (69,70), (21,22), (74,75),  time: 32.904998 secs
k = 34 	 ENS = 4970.931132 : (124,125), (9,10), (5,76), (90,91), (-1,4), (1,137), (11,13), (105,119), (8,122), (53,57), (11,12), (71,72), (11,14), (133,134), (29,32), (6,86), (2,18), (7,100), (80,81), (108,109), (23,24), (41,42), (106,107), (29,30), (111,112), (3,40), (49,50), (102,103), (126,127), (44,45), (87,89), (69,70), (21,22), (74,75),  time: 47.322874 secs
k = 35 	 ENS = 4885.945730 : (32,36), (124,125), (-1,6), (9,10), (-1,3), (-1,8), (4,64), (90,91), (1,137), (11,13), (105,119), (-1,5), (53,57), (11,12), (71,72), (11,14), (133,134), (2,18), (7,100), (80,81), (108,109), (23,24), (41,42), (106,107), (29,30), (111,112), (49,50), (32,33), (102,103), (126,127), (44,45), (87,89), (69,70), (21,22), (74,75),  time: 67.592311 secs
k = 36 	 ENS = 4801.429488 : (32,36), (124,125), (9,10), (90,91), (-1,4), (11,13), (105,119), (8,122), (-1,5), (53,57), (11,12), (71,72), (11,14), (133,134), (6,86), (7,100), (80,81), (23,24), (41,42), (109,115), (-1,1), (106,107), (29,30), (111,112), (3,40), (-1,2), (49,50), (109,110), (32,33), (102,103), (126,127), (44,45), (87,89), (69,70), (21,22), (74,75),  time: 54.420644 secs
k = 37 	 ENS = 4729.228602 : (32,36), (124,125), (-1,6), (9,10), (-1,3), (-1,8), (82,83), (4,64), (90,91), (1,137), (11,13), (105,119), (-1,5), (53,57), (11,12), (71,72), (11,14), (133,134), (7,100), (80,81), (23,24), (41,42), (109,115), (106,107), (29,30), (111,112), (-1,2), (49,50), (109,110), (32,33), (102,103), (126,127), (44,45), (87,89), (69,70), (21,22), (74,75),  time: 123.796012 secs
k = 38 	 ENS = 4669.721497 : (32,36), (124,125), (-1,6), (9,10), (-1,8), (82,83), (5,76), (4,64), (90,91), (1,137), (11,13), (105,119), (53,57), (11,12), (71,72), (11,14), (133,134), (80,81), (23,24), (41,42), (109,115), (106,107), (29,30), (111,112), (3,40), (84,85), (-1,2), (49,50), (109,110), (32,33), (102,103), (126,127), (-1,7), (44,45), (87,89), (69,70), (21,22), (74,75),  time: 282.180335 secs
k = 39 	 ENS = 4613.054613 : (32,36), (124,125), (9,10), (-1,3), (-1,8), (82,83), (5,76), (90,91), (-1,4), (1,137), (11,13), (105,119), (53,57), (11,12), (71,72), (11,14), (133,134), (6,86), (80,81), (23,24), (41,42), (109,115), (106,107), (29,30), (47,48), (111,112), (84,85), (-1,2), (49,50), (109,110), (32,33), (102,103), (126,127), (-1,7), (44,45), (87,89), (69,70), (21,22), (74,75),  time: 661.852555 secs
k = 40 	 ENS = 4558.264891 : (32,36), (124,125), (9,10), (-1,3), (-1,8), (82,83), (5,76), (90,91), (-1,4), (1,137), (11,13), (105,119), (53,57), (11,12), (71,72), (11,14), (133,134), (6,86), (7,100), (80,81), (23,24), (41,42), (109,115), (106,107), (29,30), (47,48), (111,112), (84,85), (-1,2), (49,50), (109,110), (32,33), (65,66), (102,103), (126,127), (44,45), (87,89), (69,70), (21,22), (74,75),  time: 1345.134488 secs
k = 41 	 ENS = 4504.607230 : (32,36), (124,125), (9,10), (-1,3), (-1,8), (82,83), (5,76), (90,91), (-1,4), (1,137), (11,13), (105,119), (53,57), (11,12), (71,72), (11,14), (133,134), (6,86), (7,100), (80,81), (108,109), (23,24), (41,42), (109,115), (106,107), (29,30), (47,48), (111,112), (84,85), (-1,2), (49,50), (109,110), (32,33), (65,66), (102,103), (126,127), (44,45), (87,89), (69,70), (21,22), (74,75),  time: 2402.797997 secs
k = 42 	 ENS = 4452.042230 : (32,36), (124,125), (9,10), (-1,8), (82,83), (5,76), (90,91), (-1,4), (1,137), (11,13), (105,119), (53,57), (11,12), (71,72), (14,15), (133,134), (14,16), (6,86), (2,18), (7,100), (80,81), (108,109), (23,24), (41,42), (109,115), (106,107), (29,30), (47,48), (111,112), (3,40), (84,85), (49,50), (109,110), (32,33), (65,66), (102,103), (126,127), (44,45), (87,89), (69,70), (21,22), (74,75),  time: 3052.556163 secs
Total time: 8224.924195 secs