k = 0 	 ENS = 20806.454884 :  time: 0.000570 secs
k = 1 	 ENS = 15630.565170 : (-1,1),  time: 0.011020 secs
k = 2 	 ENS = 10891.937915 : (1,203), (2,59),  time: 0.006240 secs
k = 3 	 ENS = 6932.570867 : (-1,1), (-1,3), (-1,2),  time: 0.006357 secs
k = 4 	 ENS = 6325.949752 : (3,133), (203,204), (79,90), (2,59),  time: 0.035015 secs
k = 5 	 ENS = 5864.035646 : (133,134), (25,28), (203,204), (-1,2), (79,90),  time: 0.108958 secs
k = 6 	 ENS = 5404.429154 : (187,190), (-1,1), (25,28), (-1,3), (-1,2), (79,90),  time: 0.115254 secs
k = 7 	 ENS = 4947.981832 : (187,190), (133,134), (10,16), (-1,1), (25,28), (-1,2), (79,90),  time: 0.065039 secs
k = 8 	 ENS = 4640.529437 : (187,190), (10,16), (-1,1), (25,28), (-1,3), (70,74), (-1,2), (79,90),  time: 0.171958 secs
k = 9 	 ENS = 4353.596628 : (187,190), (10,16), (25,28), (3,133), (147,148), (203,204), (70,74), (79,90), (2,59),  time: 0.142887 secs
k = 10 	 ENS = 4075.700178 : (187,190), (10,16), (-1,1), (25,28), (-1,3), (147,148), (70,74), (-1,2), (79,90), (88,99),  time: 0.120731 secs
k = 11 	 ENS = 3839.547143 : (187,190), (133,134), (10,16), (25,28), (63,65), (147,148), (203,204), (70,74), (-1,2), (79,90), (88,99),  time: 0.182292 secs
k = 12 	 ENS = 3611.165735 : (187,190), (26,40), (133,134), (10,16), (-1,1), (25,28), (63,65), (147,148), (70,74), (-1,2), (79,90), (88,99),  time: 0.147105 secs
k = 13 	 ENS = 3388.688945 : (187,190), (26,40), (133,134), (75,78), (10,16), (-1,1), (25,28), (63,65), (147,148), (70,74), (-1,2), (79,90), (88,99),  time: 0.318758 secs
k = 14 	 ENS = 3213.893202 : (187,190), (26,40), (133,134), (75,78), (10,16), (-1,1), (25,28), (83,80), (63,65), (147,148), (70,74), (-1,2), (79,90), (88,99),  time: 0.275076 secs
k = 15 	 ENS = 3055.727327 : (187,190), (26,40), (133,134), (75,78), (10,16), (-1,1), (25,28), (83,80), (63,65), (147,148), (70,74), (-1,2), (79,90), (88,99), (70,71),  time: 1.287722 secs
k = 16 	 ENS = 2921.730199 : (169,171), (26,40), (133,134), (75,78), (10,16), (-1,1), (25,28), (83,80), (63,65), (147,148), (193,195), (70,74), (-1,2), (79,90), (88,99), (70,71),  time: 0.428838 secs
k = 17 	 ENS = 2820.667783 : (169,171), (26,40), (75,78), (10,16), (-1,1), (25,28), (83,80), (-1,3), (63,65), (147,148), (193,195), (70,74), (79,90), (158,159), (59,60), (88,99), (70,71),  time: 0.555287 secs
k = 18 	 ENS = 2730.535653 : (169,171), (133,134), (75,78), (10,16), (-1,1), (25,28), (25,27), (83,80), (54,55), (63,65), (147,148), (193,195), (70,74), (-1,2), (79,90), (158,159), (88,99), (70,71),  time: 0.921734 secs
k = 19 	 ENS = 2640.625502 : (75,78), (10,16), (-1,1), (174,176), (25,28), (25,27), (83,80), (-1,3), (54,55), (63,65), (171,172), (147,148), (193,195), (70,74), (-1,2), (79,90), (158,159), (88,99), (70,71),  time: 1.076215 secs
k = 20 	 ENS = 2552.114713 : (75,78), (10,16), (-1,1), (25,28), (25,27), (83,80), (180,182), (-1,3), (54,55), (63,65), (171,172), (147,148), (193,195), (70,74), (175,177), (-1,2), (79,90), (158,159), (88,99), (70,71),  time: 41.652269 secs
k = 21 	 ENS = 2468.268087 : (133,134), (75,78), (10,16), (25,28), (25,27), (83,80), (180,182), (165,170), (54,55), (63,65), (171,172), (147,148), (1,203), (193,195), (70,74), (175,177), (-1,2), (79,90), (158,159), (88,99), (70,71),  time: 2.328002 secs
k = 22 	 ENS = 2391.790693 : (187,190), (133,134), (75,78), (195,196), (10,16), (-1,1), (182,181), (25,28), (25,27), (83,80), (165,170), (54,55), (63,65), (171,172), (147,148), (70,74), (175,177), (-1,2), (79,90), (158,159), (88,99), (70,71),  time: 2.530902 secs
k = 23 	 ENS = 2328.353068 : (187,190), (75,78), (195,196), (10,16), (-1,1), (182,181), (25,28), (25,27), (83,80), (-1,3), (165,170), (54,55), (63,65), (171,172), (147,148), (70,74), (175,177), (-1,2), (79,90), (42,45), (158,159), (88,99), (70,71),  time: 59.092188 secs
k = 24 	 ENS = 2266.183558 : (187,190), (75,78), (195,196), (10,16), (182,183), (182,181), (25,28), (25,27), (83,80), (-1,3), (165,170), (54,55), (63,65), (171,172), (147,148), (203,204), (70,74), (175,177), (-1,2), (79,90), (42,45), (158,159), (88,99), (70,71),  time: 81.517110 secs
k = 25 	 ENS = 2205.001833 : (187,190), (133,134), (75,78), (121,122), (195,196), (10,16), (-1,1), (182,183), (182,181), (25,28), (83,80), (165,170), (54,55), (63,65), (171,172), (147,148), (70,74), (175,177), (79,90), (42,45), (158,159), (88,99), (27,26), (70,71), (2,59),  time: 90.343763 secs
k = 26 	 ENS = 2146.642873 : (187,190), (75,78), (121,122), (195,196), (10,16), (182,183), (182,181), (25,28), (25,27), (104,103), (83,80), (-1,3), (165,170), (54,55), (63,65), (171,172), (147,148), (1,203), (70,74), (175,177), (-1,2), (79,90), (42,45), (158,159), (88,99), (70,71),  time: 7.074002 secs
k = 27 	 ENS = 2089.249709 : (187,190), (75,78), (121,122), (195,196), (10,16), (182,183), (15,12), (182,181), (25,28), (25,27), (104,103), (83,80), (-1,3), (165,170), (54,55), (63,65), (171,172), (147,148), (203,204), (70,74), (175,177), (-1,2), (79,90), (42,45), (158,159), (88,99), (70,71),  time: 66.394362 secs
k = 28 	 ENS = 2038.519601 : (187,190), (75,78), (121,122), (195,196), (10,16), (-1,1), (182,183), (15,12), (182,181), (152,157), (25,28), (25,27), (104,103), (83,80), (-1,3), (165,170), (54,55), (63,65), (171,172), (147,148), (70,74), (175,177), (79,90), (42,45), (158,159), (59,60), (88,99), (70,71),  time: 10.746477 secs
k = 29 	 ENS = 1997.657041 : (114,113), (187,190), (75,78), (121,122), (195,196), (10,16), (182,183), (15,12), (182,181), (152,157), (25,28), (25,27), (104,103), (83,80), (-1,3), (165,170), (54,55), (63,65), (171,172), (147,148), (1,203), (70,74), (175,177), (79,90), (42,45), (158,159), (59,60), (88,99), (70,71),  time: 20.437647 secs
k = 30 	 ENS = 1959.609460 : (114,113), (187,190), (75,78), (121,122), (195,196), (10,16), (-1,1), (182,183), (15,12), (182,181), (152,157), (25,28), (25,27), (104,103), (83,80), (-1,3), (165,170), (54,55), (63,65), (171,172), (147,148), (144,141), (70,74), (175,177), (79,90), (42,45), (158,159), (88,99), (70,71), (2,59),  time: 261.623125 secs
k = 31 	 ENS = 1925.502751 : (114,113), (187,190), (75,78), (121,122), (195,196), (10,16), (-1,1), (182,183), (15,12), (182,181), (152,157), (25,28), (25,27), (104,103), (83,80), (-1,3), (165,170), (54,55), (63,65), (171,172), (147,148), (144,141), (70,74), (175,177), (193,194), (79,90), (42,45), (158,159), (59,60), (88,99), (70,71),  time: 43.668111 secs
k = 32 	 ENS = 1894.887281 : (114,113), (123,126), (187,190), (75,78), (195,196), (10,16), (-1,1), (182,183), (15,12), (182,181), (152,157), (25,28), (25,27), (104,103), (83,80), (-1,3), (165,170), (54,55), (63,65), (171,172), (147,148), (144,141), (124,125), (70,74), (175,177), (193,194), (79,90), (42,45), (158,159), (59,60), (88,99), (70,71),  time: 86.736281 secs
k = 33 	 ENS = 1868.143784 : (114,113), (123,126), (187,190), (133,134), (75,78), (195,196), (10,16), (-1,1), (182,183), (15,12), (182,181), (152,157), (25,28), (25,27), (104,103), (83,80), (165,170), (54,55), (63,65), (171,172), (147,148), (144,141), (189,192), (124,125), (70,74), (175,177), (193,194), (-1,2), (79,90), (42,45), (158,159), (88,99), (70,71),  time: 212.019047 secs
k = 34 	 ENS = 1843.270621 : (114,113), (123,126), (75,78), (195,196), (10,16), (182,183), (15,12), (182,181), (152,157), (25,28), (104,103), (83,80), (-1,3), (165,170), (190,193), (54,55), (63,65), (171,172), (190,188), (147,148), (144,141), (203,204), (189,192), (124,125), (70,74), (175,177), (193,194), (79,90), (42,45), (158,159), (59,60), (88,99), (27,26), (70,71),  time: 533.245578 secs
k = 35 	 ENS = 1817.075576 : (114,113), (123,126), (75,78), (10,16), (-1,1), (182,183), (15,12), (182,181), (152,157), (25,28), (25,27), (104,103), (83,80), (-1,3), (165,170), (54,55), (171,173), (63,65), (171,172), (190,188), (147,148), (144,141), (189,192), (124,125), (193,195), (70,74), (175,177), (193,194), (-1,2), (79,90), (42,45), (200,201), (158,159), (88,99), (70,71),  time: 977.702184 secs
k = 36 	 ENS = 1793.966059 : (114,113), (123,126), (75,78), (10,16), (-1,1), (182,183), (15,12), (182,181), (152,157), (25,28), (25,27), (104,103), (83,80), (-1,3), (165,170), (54,55), (171,173), (63,65), (171,172), (190,188), (147,148), (144,141), (189,192), (124,125), (193,195), (70,74), (175,177), (193,194), (-1,2), (79,81), (79,90), (42,45), (200,201), (158,159), (88,99), (70,71),  time: 3600.170574 secs
k = 37 	 ENS = 1770.880730 : (114,113), (123,126), (75,78), (195,196), (10,16), (-1,1), (182,183), (15,12), (182,181), (152,157), (25,28), (104,103), (83,80), (-1,3), (165,170), (190,193), (54,55), (171,173), (63,65), (171,172), (190,188), (147,148), (144,141), (189,192), (124,125), (70,74), (175,177), (193,194), (-1,2), (79,81), (79,90), (42,45), (200,201), (158,159), (88,99), (27,26), (70,71),  time: 3600.000249 secs
Total time: 9703.258926 secs