k = 0 	 ENS = 8974232.497518 :  time: 0.001411 secs
k = 1 	 ENS = 7035772.346326 : (-1,6),  time: 0.091706 secs
k = 2 	 ENS = 5866132.544557 : (5,468), (-1,6),  time: 0.016730 secs
k = 3 	 ENS = 4726245.094975 : (5,468), (4,352), (6,605),  time: 0.017540 secs
k = 4 	 ENS = 3673006.641140 : (5,468), (4,352), (-1,3), (-1,6),  time: 0.016623 secs
k = 5 	 ENS = 2690985.528647 : (5,468), (-1,3), (2,97), (-1,4), (6,605),  time: 0.017711 secs
k = 6 	 ENS = 2100014.023911 : (5,468), (4,352), (-1,1), (-1,3), (2,97), (-1,6),  time: 0.051221 secs
k = 7 	 ENS = 1518308.937415 : (5,468), (4,352), (-1,1), (-1,3), (2,97), (-1,6), (-1,7),  time: 0.060864 secs
k = 8 	 ENS = 1318995.659072 : (5,468), (1,8), (2,97), (635,636), (-1,6), (-1,4), (-1,7), (3,205),  time: 0.367498 secs
k = 9 	 ENS = 1232934.090936 : (5,468), (4,352), (-1,1), (2,97), (635,636), (-1,6), (-1,7), (206,207), (206,258),  time: 2.420547 secs
k = 10 	 ENS = 1153227.347085 : (4,352), (1,8), (2,97), (635,636), (472,473), (7,826), (-1,6), (472,553), (206,207), (206,258),  time: 3.213467 secs
k = 11 	 ENS = 1093491.794383 : (640,641), (4,352), (-1,1), (2,97), (635,636), (472,473), (-1,6), (472,553), (-1,7), (206,207), (206,258),  time: 7.154767 secs
k = 12 	 ENS = 1033000.796812 : (640,641), (4,352), (-1,1), (2,97), (472,473), (7,826), (-1,6), (628,629), (638,653), (472,553), (206,207), (206,258),  time: 8.409777 secs
k = 13 	 ENS = 983783.197265 : (640,641), (4,352), (-1,1), (2,97), (405,406), (472,473), (7,826), (-1,6), (628,629), (638,653), (472,553), (206,207), (206,258),  time: 18.561951 secs
k = 14 	 ENS = 937133.456506 : (361,362), (640,641), (4,352), (1,8), (2,97), (405,406), (472,473), (7,826), (-1,6), (628,629), (638,653), (472,553), (206,207), (206,258),  time: 36.754088 secs
k = 15 	 ENS = 910731.228193 : (361,362), (640,641), (128,129), (-1,1), (405,406), (-1,2), (472,473), (628,629), (-1,4), (638,653), (472,553), (-1,7), (6,605), (206,207), (206,258),  time: 198.796676 secs
k = 16 	 ENS = 885747.913118 : (361,362), (640,641), (128,129), (-1,1), (2,97), (405,406), (472,473), (-1,6), (628,629), (-1,4), (638,653), (472,553), (-1,7), (637,652), (206,207), (206,258),  time: 1667.819853 secs
k = 17 	 ENS = 861508.786732 : (361,362), (640,641), (128,129), (-1,1), (405,406), (-1,2), (-1,5), (7,826), (-1,6), (628,629), (477,478), (-1,4), (638,653), (476,591), (472,553), (206,207), (206,258),  time: 3600.000689 secs
k = 18 	 ENS = 836525.455212 : (361,362), (640,641), (5,468), (128,129), (1,8), (405,406), (-1,2), (-1,6), (628,629), (477,478), (-1,4), (638,653), (476,591), (472,553), (-1,7), (637,652), (206,207), (206,258),  time: 3600.000511 secs
Total time: 9143.773631 secs