k = 0 	 ENS = 7202.212930 :  time: 0.005366 secs
k = 1 	 ENS = 4782.325420 : (15,16),  time: 0.003231 secs
k = 2 	 ENS = 3658.654148 : (15,16), (2,3),  time: 0.035234 secs
k = 3 	 ENS = 3038.703381 : (16,21), (16,17), (2,3),  time: 0.081527 secs
k = 4 	 ENS = 2476.754453 : (22,23), (16,17), (2,3), (22,32),  time: 0.087908 secs
k = 5 	 ENS = 2114.282861 : (22,23), (2,13), (16,17), (2,3), (22,32),  time: 0.272738 secs
k = 6 	 ENS = 1887.576161 : (22,23), (2,13), (5,6), (16,17), (2,3), (22,32),  time: 1.485225 secs
k = 7 	 ENS = 1784.090625 : (22,23), (2,13), (5,6), (35,36), (16,17), (2,3), (22,32),  time: 4.793692 secs
k = 8 	 ENS = 1702.562780 : (22,23), (2,13), (5,6), (35,36), (16,17), (2,3), (22,32), (13,72),  time: 14.584094 secs
k = 9 	 ENS = 1632.034568 : (22,23), (2,13), (5,6), (35,36), (16,17), (25,27), (2,3), (22,32), (13,72),  time: 35.446242 secs
k = 10 	 ENS = 1561.840177 : (22,23), (7,9), (2,13), (35,36), (16,17), (25,27), (2,3), (7,8), (22,32), (13,72),  time: 84.483454 secs
k = 11 	 ENS = 1502.624041 : (22,23), (7,9), (2,13), (35,36), (16,17), (25,27), (2,3), (7,8), (22,32), (21,47), (13,72),  time: 190.085733 secs
k = 12 	 ENS = 1447.158474 : (22,23), (7,9), (2,13), (35,36), (16,17), (3,74), (25,27), (7,8), (22,32), (21,47), (3,4), (13,72),  time: 378.815621 secs
k = 13 	 ENS = 1393.840066 : (22,23), (7,9), (2,13), (35,36), (16,17), (3,74), (25,27), (7,8), (22,32), (21,47), (3,4), (15,43), (13,72),  time: 686.154945 secs
k = 14 	 ENS = 1340.521658 : (22,23), (14,55), (7,9), (2,13), (35,36), (16,17), (3,74), (25,27), (7,8), (22,32), (21,47), (3,4), (15,43), (13,72),  time: 1302.414513 secs
k = 15 	 ENS = 1296.603080 : (22,23), (14,55), (7,9), (2,13), (35,36), (16,17), (3,74), (6,1), (25,27), (7,8), (22,32), (21,47), (3,4), (15,43), (13,72),  time: 2457.141354 secs
k = 16 	 ENS = 1253.617352 : (22,23), (14,55), (7,9), (2,13), (35,36), (16,17), (3,74), (6,1), (25,27), (7,8), (22,32), (4,75), (21,47), (3,4), (15,43), (13,72),  time: 3600.000990 secs
Total time: 8755.891868 secs