k = 0 	 ENS = 42302.430182 :  time: 0.000637 secs
k = 1 	 ENS = 35470.434767 : (5,41),  time: 0.001579 secs
k = 2 	 ENS = 30373.038492 : (-1,1), (5,41),  time: 0.011562 secs
k = 3 	 ENS = 25557.891349 : (-1,1), (5,41), (-1,8),  time: 0.009563 secs
k = 4 	 ENS = 21052.600548 : (8,67), (1,12), (5,41), (-1,3),  time: 0.010578 secs
k = 5 	 ENS = 17272.797847 : (-1,1), (5,41), (-1,11), (-1,3), (-1,8),  time: 0.012069 secs
k = 6 	 ENS = 14441.171578 : (-1,7), (1,12), (3,26), (5,41), (-1,11), (-1,8),  time: 0.037298 secs
k = 7 	 ENS = 11710.860725 : (-1,7), (1,12), (5,41), (-1,9), (11,88), (-1,3), (-1,8),  time: 0.046655 secs
k = 8 	 ENS = 9568.075234 : (8,67), (-1,1), (-1,7), (5,41), (-1,4), (-1,9), (11,88), (-1,3),  time: 0.094142 secs
k = 9 	 ENS = 7697.224847 : (8,67), (-1,1), (-1,7), (3,26), (5,41), (-1,4), (-1,9), (11,88), (2,22),  time: 0.191850 secs
k = 10 	 ENS = 5968.138252 : (-1,6), (8,67), (-1,1), (-1,7), (3,26), (5,41), (-1,4), (-1,9), (-1,11), (2,22),  time: 0.353429 secs
k = 11 	 ENS = 4242.332549 : (-1,6), (8,67), (-1,1), (-1,7), (3,26), (5,41), (-1,4), (-1,9), (-1,11), (-1,10), (2,22),  time: 0.757164 secs
k = 12 	 ENS = 3688.709263 : (-1,6), (8,67), (9,76), (45,46), (-1,1), (-1,7), (3,26), (5,41), (-1,4), (-1,11), (-1,10), (2,22),  time: 4.745258 secs
k = 13 	 ENS = 3353.526599 : (30,31), (8,67), (9,76), (45,46), (-1,7), (1,12), (3,26), (5,41), (-1,4), (6,54), (-1,11), (10,84), (2,22),  time: 73.467727 secs
k = 14 	 ENS = 3130.147109 : (-1,6), (30,31), (8,67), (9,76), (45,46), (-1,1), (-1,7), (-1,2), (3,26), (5,41), (90,91), (-1,4), (-1,11), (-1,10),  time: 817.892422 secs
k = 15 	 ENS = 2990.254244 : (-1,6), (30,31), (8,67), (9,76), (17,18), (45,46), (-1,1), (-1,7), (-1,2), (3,26), (5,41), (90,91), (-1,4), (-1,11), (-1,10),  time: 3600.000410 secs
k = 16 	 ENS = 2898.938408 : (30,31), (8,67), (9,76), (17,18), (-1,1), (46,47), (-1,7), (-1,2), (3,26), (5,41), (90,91), (-1,4), (6,54), (-1,11), (-1,10), (42,43),  time: 3600.000372 secs
Total time: 8097.632715 secs