k = 0 	 ENS = 30093.17 :  time: 0.002 secs
k = 1 	 ENS = 22011.96 : (666,820),  time: 0.077 secs
k = 2 	 ENS = 15396.95 : (943,942), (666,820),  time: 0.031 secs
k = 3 	 ENS = 13459.63 : (943,942), (1071,1072), (1053,876),  time: 0.342 secs
k = 4 	 ENS = 11758.12 : (943,942), (943,691), (1053,876), (1053,877),  time: 2.064 secs
k = 5 	 ENS = 10591.22 : (943,942), (943,691), (1065,653), (1053,876), (1053,877),  time: 1.342 secs
k = 6 	 ENS = 9642.90 : (603,1057), (943,942), (943,691), (1065,653), (1053,876), (1053,877),  time: 2.373 secs
k = 7 	 ENS = 8960.76 : (603,1057), (943,942), (1115,1116), (1065,653), (1143,1127), (1053,877), (1143,1107),  time: 4.553 secs
k = 8 	 ENS = 8323.38 : (603,1057), (943,942), (1115,1116), (1062,937), (1065,653), (1143,1127), (1053,877), (1143,1107),  time: 5.258 secs
k = 9 	 ENS = 7799.09 : (603,1057), (943,942), (1115,1116), (1062,937), (1065,653), (1143,1127), (1053,877), (1133,1113), (1143,1107),  time: 11.252 secs
k = 10 	 ENS = 7358.07 : (603,1057), (1129,880), (943,942), (1115,1116), (1129,878), (1062,937), (1065,653), (1143,1127), (1133,1113), (1143,1107),  time: 17.100 secs
k = 11 	 ENS = 6971.94 : (603,1057), (1129,880), (943,942), (1129,878), (1145,1097), (1062,937), (943,691), (1065,653), (1143,1127), (1133,1113), (1143,1107),  time: 28.570 secs
k = 12 	 ENS = 6612.91 : (665,657), (1129,880), (943,942), (1129,878), (1145,1097), (1062,937), (943,691), (916,915), (1065,653), (1143,1127), (1133,1113), (1143,1107),  time: 40.031 secs
k = 13 	 ENS = 6325.78 : (1129,880), (943,942), (1129,878), (1145,1097), (1062,937), (943,691), (916,915), (1065,653), (1061,646), (1143,1127), (1133,1113), (1057,897), (1143,1107),  time: 38.347 secs
k = 14 	 ENS = 6102.10 : (1078,704), (1129,880), (943,942), (1129,878), (1145,1097), (1062,937), (943,691), (916,915), (1065,653), (1061,646), (1143,1127), (1133,1113), (1057,897), (1143,1107),  time: 96.770 secs
k = 15 	 ENS = 5895.56 : (1078,704), (1129,880), (943,942), (1129,878), (1062,648), (1145,1097), (903,611), (1062,937), (943,691), (916,915), (1065,653), (1143,1127), (1133,1113), (1057,897), (1143,1107),  time: 287.561 secs
k = 16 	 ENS = 5712.89 : (1078,704), (1079,1077), (1129,880), (943,942), (1129,878), (1062,648), (1145,1097), (903,611), (1062,937), (943,691), (916,915), (1065,653), (1143,1127), (1133,1113), (1057,897), (1143,1107),  time: 424.869 secs
k = 17 	 ENS = 5538.82 : (1078,704), (1079,1077), (1129,880), (943,942), (1129,878), (950,702), (1062,648), (1145,1097), (903,611), (1062,937), (943,691), (916,915), (1065,653), (1143,1127), (1133,1113), (1057,897), (1143,1107),  time: 3600.001 secs
Total time: 9121.081 secs