k = 0 	 ENS = 3388.78 :  time: 0.001 secs
k = 1 	 ENS = 2565.67 : (282,283),  time: 0.026 secs
k = 2 	 ENS = 2128.39 : (282,283), (347,290),  time: 0.022 secs
k = 3 	 ENS = 1768.60 : (282,283), (347,290), (362,252),  time: 0.029 secs
k = 4 	 ENS = 1562.15 : (347,346), (347,290), (362,252), (203,355),  time: 0.063 secs
k = 5 	 ENS = 1389.79 : (347,346), (347,290), (381,374), (362,252), (203,355),  time: 0.091 secs
k = 6 	 ENS = 1287.20 : (347,346), (347,290), (264,256), (381,374), (362,252), (322,321),  time: 0.513 secs
k = 7 	 ENS = 1229.08 : (347,346), (347,290), (264,256), (381,374), (362,252), (322,321), (309,210),  time: 2.501 secs
k = 8 	 ENS = 1176.14 : (358,245), (347,346), (309,310), (347,290), (381,374), (362,252), (322,321), (309,210),  time: 5.850 secs
k = 9 	 ENS = 1126.45 : (282,283), (347,346), (309,310), (347,290), (381,374), (362,252), (316,225), (230,228), (309,210),  time: 6.868 secs
k = 10 	 ENS = 1076.81 : (282,283), (347,346), (355,303), (309,310), (347,290), (381,374), (362,252), (316,225), (230,228), (309,210),  time: 7.516 secs
k = 11 	 ENS = 1032.10 : (282,283), (347,346), (355,303), (309,310), (347,290), (381,374), (362,252), (316,225), (380,302), (230,228), (309,210),  time: 6.004 secs
k = 12 	 ENS = 991.69 : (282,283), (347,346), (355,303), (309,310), (347,290), (381,374), (362,252), (316,225), (380,302), (230,228), (379,300), (309,210),  time: 6.158 secs
k = 13 	 ENS = 954.96 : (282,283), (347,346), (355,303), (309,310), (347,290), (381,374), (367,340), (362,252), (316,225), (380,302), (230,228), (379,300), (309,210),  time: 6.994 secs
k = 14 	 ENS = 920.76 : (282,283), (347,346), (355,303), (309,310), (347,290), (365,344), (381,374), (367,340), (362,252), (316,225), (380,302), (230,228), (379,300), (309,210),  time: 8.691 secs
k = 15 	 ENS = 888.58 : (282,283), (347,346), (355,303), (309,310), (347,290), (365,344), (381,374), (367,340), (362,252), (316,225), (380,302), (230,228), (379,300), (309,210), (360,249),  time: 10.359 secs
k = 16 	 ENS = 858.97 : (282,283), (347,346), (355,303), (306,257), (309,310), (347,290), (365,344), (381,374), (367,340), (362,252), (316,225), (380,302), (230,228), (379,300), (309,210), (360,249),  time: 13.838 secs
k = 17 	 ENS = 831.86 : (339,273), (282,283), (347,346), (355,303), (306,257), (309,310), (347,290), (365,344), (381,374), (367,340), (362,252), (316,225), (380,302), (230,228), (379,300), (309,210), (360,249),  time: 15.500 secs
k = 18 	 ENS = 806.71 : (339,273), (282,283), (347,346), (355,303), (306,257), (309,310), (347,290), (365,344), (359,284), (381,374), (367,340), (362,252), (316,225), (380,302), (230,228), (379,300), (309,210), (360,249),  time: 23.450 secs
k = 19 	 ENS = 781.91 : (339,273), (282,283), (347,346), (355,303), (306,257), (238,325), (309,310), (347,290), (365,344), (359,284), (381,374), (367,340), (316,231), (362,252), (316,225), (380,302), (379,300), (309,210), (360,249),  time: 44.568 secs
k = 20 	 ENS = 758.12 : (339,273), (282,283), (347,346), (355,303), (306,257), (238,325), (309,310), (347,290), (365,344), (359,284), (381,374), (367,340), (316,231), (362,252), (316,225), (380,302), (383,338), (379,300), (309,210), (360,249),  time: 126.804 secs
k = 21 	 ENS = 738.65 : (339,273), (282,283), (342,343), (347,346), (355,303), (306,257), (238,325), (309,310), (347,290), (365,344), (359,284), (381,374), (367,340), (316,231), (362,252), (316,225), (380,302), (383,338), (379,300), (309,210), (360,249),  time: 169.905 secs
k = 22 	 ENS = 723.38 : (339,273), (282,283), (342,343), (347,346), (355,303), (306,257), (238,325), (309,310), (347,290), (365,344), (359,284), (381,374), (367,340), (316,231), (362,252), (316,225), (380,302), (360,361), (383,338), (379,300), (309,210), (360,249),  time: 549.750 secs
k = 23 	 ENS = 708.43 : (339,273), (282,283), (342,343), (347,346), (355,303), (306,257), (325,240), (309,310), (347,290), (365,344), (359,284), (381,374), (367,340), (362,252), (316,225), (380,302), (360,361), (309,318), (383,338), (322,321), (379,300), (309,210), (360,249),  time: 1346.282 secs
Total time: 4703.566 secs