k = 0 	 ENS = 8812.34 :  time: 0.001 secs
k = 1 	 ENS = 6533.08 : (554,555),  time: 0.050 secs
k = 2 	 ENS = 4603.88 : (554,555), (383,384),  time: 0.013 secs
k = 3 	 ENS = 4022.27 : (554,555), (529,353), (383,384),  time: 0.279 secs
k = 4 	 ENS = 3610.72 : (554,555), (529,353), (489,488), (303,522),  time: 0.657 secs
k = 5 	 ENS = 3255.64 : (489,391), (529,353), (489,488), (303,522), (366,564),  time: 0.802 secs
k = 6 	 ENS = 2942.39 : (489,391), (529,353), (526,483), (489,488), (303,522), (366,564),  time: 1.297 secs
k = 7 	 ENS = 2678.13 : (489,391), (529,353), (526,483), (489,488), (303,522), (560,552), (366,564),  time: 2.006 secs
k = 8 	 ENS = 2484.79 : (489,391), (529,353), (526,483), (489,488), (560,552), (365,357), (462,461), (366,564),  time: 4.346 secs
k = 9 	 ENS = 2371.59 : (489,391), (529,353), (526,483), (489,488), (560,552), (542,403), (365,357), (462,461), (366,564),  time: 13.068 secs
k = 10 	 ENS = 2279.47 : (489,391), (529,353), (526,483), (489,488), (560,552), (542,403), (365,357), (462,461), (543,541), (366,564),  time: 18.503 secs
k = 11 	 ENS = 2188.66 : (489,391), (529,353), (526,483), (489,488), (560,552), (542,403), (365,357), (462,461), (543,541), (366,564), (567,565),  time: 31.106 secs
k = 12 	 ENS = 2107.87 : (489,391), (529,353), (526,483), (489,488), (560,552), (525,346), (542,403), (462,461), (449,311), (543,541), (366,564), (567,565),  time: 47.179 secs
k = 13 	 ENS = 2029.68 : (489,391), (529,353), (526,483), (489,488), (522,443), (560,552), (525,346), (542,403), (462,461), (449,311), (543,541), (366,564), (567,565),  time: 65.320 secs
k = 14 	 ENS = 1951.27 : (489,391), (526,348), (529,353), (526,483), (489,488), (522,443), (449,450), (560,552), (542,403), (462,461), (449,311), (543,541), (366,564), (567,565),  time: 89.996 secs
k = 15 	 ENS = 1876.39 : (489,391), (526,348), (566,233), (529,353), (526,483), (489,488), (522,443), (449,450), (560,552), (542,403), (462,461), (449,311), (543,541), (366,564), (567,565),  time: 90.610 secs
k = 16 	 ENS = 1809.89 : (489,391), (526,348), (566,233), (529,353), (526,483), (489,488), (522,443), (449,450), (560,552), (542,403), (462,461), (449,311), (543,541), (456,326), (366,564), (567,565),  time: 128.005 secs
k = 17 	 ENS = 1743.52 : (523,339), (489,391), (526,348), (566,233), (529,353), (526,483), (489,488), (522,443), (449,450), (560,552), (542,403), (449,311), (543,541), (464,563), (366,564), (567,565), (449,458),  time: 171.436 secs
k = 18 	 ENS = 1693.98 : (523,339), (489,391), (526,348), (534,481), (566,233), (529,353), (526,483), (489,488), (522,443), (449,450), (560,552), (542,403), (449,311), (543,541), (464,563), (366,564), (567,565), (449,458),  time: 414.559 secs
k = 19 	 ENS = 1644.78 : (523,339), (489,391), (526,348), (534,481), (527,350), (566,233), (529,353), (526,483), (489,488), (522,443), (449,450), (560,552), (542,403), (449,311), (543,541), (464,563), (366,564), (567,565), (449,458),  time: 425.347 secs
k = 20 	 ENS = 1599.11 : (523,339), (489,391), (526,348), (534,481), (527,350), (566,233), (529,353), (526,483), (489,488), (522,443), (449,450), (560,552), (542,403), (449,311), (543,541), (464,563), (366,564), (532,486), (567,565), (449,458),  time: 516.003 secs
Total time: 4041.167 secs