k = 0 	 ENS = 15958.25 :  time: 0.000 secs
k = 1 	 ENS = 11844.50 : (21,22),  time: 0.004 secs
k = 2 	 ENS = 9622.72 : (22,23), (22,31),  time: 0.009 secs
k = 3 	 ENS = 7463.52 : (2,3), (22,23), (22,31),  time: 0.009 secs
k = 4 	 ENS = 6123.49 : (2,3), (22,23), (16,17), (22,31),  time: 0.014 secs
k = 5 	 ENS = 5277.61 : (45,46), (2,3), (22,23), (16,17), (22,31),  time: 0.015 secs
k = 6 	 ENS = 4915.14 : (45,46), (2,3), (22,23), (16,17), (2,13), (22,31),  time: 0.040 secs
k = 7 	 ENS = 4591.26 : (45,46), (28,29), (2,3), (22,23), (16,17), (2,13), (22,31),  time: 0.081 secs
k = 8 	 ENS = 4303.65 : (28,29), (40,41), (2,3), (22,23), (16,17), (2,13), (47,48), (22,31),  time: 0.124 secs
k = 9 	 ENS = 4076.94 : (28,29), (40,41), (2,3), (22,23), (16,17), (2,13), (47,48), (22,31), (5,6),  time: 0.123 secs
k = 10 	 ENS = 3897.37 : (28,29), (40,41), (2,3), (22,23), (16,17), (2,13), (47,48), (22,31), (25,26), (5,6),  time: 0.148 secs
k = 11 	 ENS = 3737.94 : (13,87), (28,29), (40,41), (2,3), (22,23), (16,17), (2,13), (47,48), (22,31), (25,26), (5,6),  time: 0.301 secs
k = 12 	 ENS = 3590.20 : (45,46), (13,87), (48,49), (28,29), (2,3), (22,23), (16,17), (2,13), (22,31), (25,26), (39,40), (5,6),  time: 0.362 secs
k = 13 	 ENS = 3466.08 : (45,46), (13,87), (48,49), (28,29), (2,3), (22,23), (24,66), (16,17), (2,13), (22,31), (25,26), (39,40), (5,6),  time: 0.379 secs
k = 14 	 ENS = 3350.71 : (21,62), (45,46), (13,87), (48,49), (28,29), (2,3), (22,23), (24,66), (16,17), (2,13), (22,31), (25,26), (39,40), (5,6),  time: 0.369 secs
k = 15 	 ENS = 3245.32 : (21,62), (45,46), (13,87), (48,49), (28,29), (2,3), (22,23), (24,66), (16,17), (2,13), (22,31), (25,26), (39,40), (5,6), (14,70),  time: 0.400 secs
k = 16 	 ENS = 3139.93 : (21,62), (45,46), (13,87), (48,49), (28,29), (2,3), (22,23), (24,66), (16,17), (2,13), (15,58), (22,31), (25,26), (39,40), (5,6), (14,70),  time: 0.396 secs
k = 17 	 ENS = 3036.17 : (21,62), (45,46), (13,87), (48,49), (28,29), (2,3), (22,23), (24,66), (16,17), (2,13), (15,58), (41,42), (22,31), (41,95), (25,26), (5,6), (14,70),  time: 0.509 secs
k = 18 	 ENS = 2932.69 : (21,62), (45,46), (13,87), (48,49), (28,29), (2,3), (22,23), (24,66), (16,17), (2,13), (15,58), (41,42), (22,31), (41,95), (25,26), (5,6), (34,35), (14,70),  time: 0.515 secs
k = 19 	 ENS = 2846.87 : (21,62), (45,46), (13,87), (48,49), (28,29), (2,3), (22,23), (24,66), (16,17), (2,13), (15,58), (22,31), (41,95), (44,98), (25,26), (39,40), (5,6), (34,35), (14,70),  time: 0.832 secs
k = 20 	 ENS = 2773.64 : (21,62), (13,87), (48,49), (28,29), (2,3), (22,23), (24,66), (16,17), (2,13), (15,58), (47,48), (46,102), (22,31), (41,95), (44,98), (25,26), (39,40), (5,6), (34,35), (14,70),  time: 1.135 secs
k = 21 	 ENS = 2700.85 : (21,62), (13,87), (48,49), (28,29), (2,3), (22,23), (24,66), (16,17), (2,13), (15,58), (47,48), (46,102), (22,31), (27,67), (41,95), (44,98), (25,26), (39,40), (5,6), (34,35), (14,70),  time: 1.238 secs
k = 22 	 ENS = 2629.15 : (21,62), (13,87), (48,49), (28,29), (2,3), (22,23), (40,94), (24,66), (16,17), (2,13), (15,58), (47,48), (41,42), (46,102), (22,31), (27,67), (41,95), (44,98), (25,26), (5,6), (34,35), (14,70),  time: 1.449 secs
k = 23 	 ENS = 2558.75 : (21,62), (13,87), (48,49), (28,29), (2,3), (22,23), (40,94), (24,66), (16,17), (2,13), (15,58), (47,48), (41,42), (46,102), (23,65), (22,31), (27,67), (41,95), (44,98), (25,26), (5,6), (34,35), (14,70),  time: 1.332 secs
k = 24 	 ENS = 2488.56 : (21,62), (13,87), (48,49), (28,29), (7,8), (2,3), (22,23), (40,94), (24,66), (16,17), (2,13), (15,58), (47,48), (41,42), (46,102), (23,65), (22,31), (27,67), (41,95), (44,98), (7,9), (25,26), (34,35), (14,70),  time: 1.150 secs
k = 25 	 ENS = 2420.24 : (21,62), (13,87), (48,49), (28,29), (7,8), (2,3), (22,23), (40,94), (24,66), (16,17), (2,13), (15,58), (47,48), (41,42), (46,102), (23,65), (22,31), (27,67), (41,95), (44,98), (7,9), (25,26), (39,93), (34,35), (14,70),  time: 1.311 secs
k = 26 	 ENS = 2368.88 : (21,62), (13,87), (48,49), (28,29), (42,96), (7,8), (2,3), (22,23), (40,94), (24,66), (16,17), (2,13), (15,58), (47,48), (46,102), (23,65), (22,31), (27,67), (41,95), (44,98), (7,9), (25,26), (42,43), (39,93), (34,35), (14,70),  time: 1.482 secs
k = 27 	 ENS = 2322.05 : (21,62), (13,87), (9,10), (48,49), (28,29), (42,96), (7,8), (2,3), (22,23), (40,94), (24,66), (16,17), (2,13), (15,58), (47,48), (46,102), (23,65), (22,31), (27,67), (41,95), (44,98), (25,26), (42,43), (39,93), (5,6), (34,35), (14,70),  time: 1.881 secs
k = 28 	 ENS = 2275.52 : (21,62), (13,87), (9,10), (48,49), (28,29), (42,96), (7,8), (2,3), (22,23), (40,94), (24,66), (16,17), (2,13), (15,58), (3,89), (47,48), (46,102), (23,65), (22,31), (27,67), (41,95), (44,98), (25,26), (42,43), (39,93), (5,6), (34,35), (14,70),  time: 2.198 secs
k = 29 	 ENS = 2229.03 : (21,62), (13,87), (9,10), (48,49), (28,29), (42,96), (7,8), (2,3), (22,23), (43,97), (40,94), (24,66), (16,17), (2,13), (15,58), (3,89), (43,44), (47,48), (46,102), (23,65), (22,31), (27,67), (41,95), (44,98), (25,26), (39,93), (5,6), (34,35), (14,70),  time: 2.868 secs
k = 30 	 ENS = 2182.86 : (21,62), (13,87), (9,10), (48,49), (28,29), (42,96), (7,8), (2,3), (48,107), (44,100), (22,23), (43,97), (40,94), (24,66), (16,17), (2,13), (15,58), (46,102), (23,65), (22,31), (27,67), (41,95), (44,98), (25,26), (44,99), (39,93), (44,45), (5,6), (34,35), (14,70),  time: 2.821 secs
k = 31 	 ENS = 2136.33 : (21,62), (13,87), (9,10), (48,49), (28,29), (42,96), (7,8), (2,3), (48,107), (44,100), (22,23), (43,97), (40,94), (24,66), (16,17), (2,13), (15,58), (3,89), (46,102), (23,65), (22,31), (27,67), (41,95), (44,98), (25,26), (44,99), (39,93), (44,45), (5,6), (34,35), (14,70),  time: 3.190 secs
k = 32 	 ENS = 2090.55 : (21,62), (13,87), (9,10), (48,49), (28,29), (42,96), (7,8), (2,3), (48,107), (44,100), (22,23), (43,97), (40,94), (24,66), (16,17), (2,13), (4,90), (15,58), (3,89), (46,102), (23,65), (22,31), (27,67), (41,95), (44,98), (25,26), (44,99), (39,93), (44,45), (5,6), (34,35), (14,70),  time: 3.247 secs
k = 33 	 ENS = 2052.74 : (21,62), (13,87), (9,10), (35,36), (48,49), (28,29), (42,96), (7,8), (2,3), (48,107), (44,100), (22,23), (43,97), (40,94), (24,66), (16,17), (2,13), (4,90), (15,58), (3,89), (46,102), (23,65), (22,31), (27,67), (41,95), (44,98), (25,26), (44,99), (35,37), (39,93), (44,45), (5,6), (14,70),  time: 4.215 secs
k = 34 	 ENS = 2015.78 : (21,62), (13,87), (9,10), (35,36), (45,101), (48,49), (28,29), (42,96), (7,8), (2,3), (48,107), (44,100), (22,23), (43,97), (40,94), (24,66), (16,17), (2,13), (4,90), (15,58), (3,89), (46,102), (23,65), (22,31), (27,67), (41,95), (44,98), (25,26), (44,99), (35,37), (39,93), (46,47), (5,6), (14,70),  time: 4.804 secs
k = 35 	 ENS = 1980.31 : (21,62), (13,87), (9,10), (35,36), (45,101), (31,72), (48,49), (28,29), (42,96), (7,8), (2,3), (48,107), (44,100), (22,23), (43,97), (40,94), (24,66), (16,17), (2,13), (4,90), (15,58), (3,89), (46,102), (23,65), (22,31), (27,67), (41,95), (44,98), (25,26), (44,99), (35,37), (39,93), (46,47), (5,6), (14,70),  time: 5.537 secs
k = 36 	 ENS = 1948.52 : (21,62), (13,87), (9,10), (35,36), (45,101), (31,72), (48,49), (28,29), (42,96), (7,8), (2,3), (48,107), (44,100), (22,23), (43,97), (40,94), (24,66), (16,17), (2,13), (4,90), (15,58), (3,89), (46,102), (23,65), (22,31), (27,67), (41,95), (44,98), (25,26), (44,99), (35,37), (39,93), (46,47), (39,40), (5,6), (14,70),  time: 6.746 secs
k = 37 	 ENS = 1914.35 : (21,62), (13,87), (9,10), (35,36), (45,101), (31,72), (48,49), (28,29), (47,103), (42,96), (7,8), (2,3), (48,107), (44,100), (22,23), (43,97), (40,94), (24,66), (16,17), (2,13), (4,90), (15,58), (3,89), (47,48), (46,102), (23,65), (22,31), (27,67), (41,95), (44,98), (25,26), (44,99), (35,37), (39,93), (39,40), (5,6), (14,70),  time: 6.484 secs
k = 38 	 ENS = 1883.03 : (21,62), (5,91), (13,87), (9,10), (35,36), (45,101), (31,72), (48,49), (28,29), (47,103), (42,96), (7,8), (2,3), (48,107), (44,100), (22,23), (43,97), (40,94), (24,66), (16,17), (2,13), (4,90), (15,58), (3,89), (47,48), (46,102), (23,65), (22,31), (27,67), (41,95), (44,98), (25,26), (44,99), (35,37), (39,93), (39,40), (5,6), (14,70),  time: 7.425 secs
k = 39 	 ENS = 1853.12 : (21,62), (13,87), (9,10), (35,36), (45,101), (31,72), (48,49), (28,29), (47,103), (48,106), (42,96), (7,8), (2,3), (48,107), (44,100), (48,104), (22,23), (43,97), (40,94), (24,66), (16,17), (2,13), (4,90), (15,58), (3,89), (46,102), (23,65), (22,31), (27,67), (41,95), (44,98), (25,26), (44,99), (35,37), (39,93), (48,105), (39,40), (5,6), (14,70),  time: 7.936 secs
k = 40 	 ENS = 1821.80 : (21,62), (5,91), (13,87), (9,10), (35,36), (45,101), (31,72), (48,49), (28,29), (47,103), (48,106), (42,96), (7,8), (2,3), (48,107), (44,100), (48,104), (22,23), (43,97), (40,94), (24,66), (16,17), (2,13), (4,90), (15,58), (3,89), (46,102), (23,65), (22,31), (27,67), (41,95), (44,98), (25,26), (44,99), (35,37), (39,93), (48,105), (39,40), (5,6), (14,70),  time: 7.116 secs
k = 41 	 ENS = 1792.15 : (21,62), (5,91), (13,87), (9,10), (35,36), (45,101), (31,72), (48,49), (28,29), (47,103), (48,106), (42,96), (7,8), (33,74), (2,3), (48,107), (44,100), (48,104), (22,23), (43,97), (40,94), (24,66), (16,17), (2,13), (4,90), (15,58), (3,89), (46,102), (23,65), (22,31), (27,67), (41,95), (44,98), (25,26), (44,99), (35,37), (39,93), (48,105), (39,40), (5,6), (14,70),  time: 6.483 secs
k = 42 	 ENS = 1762.62 : (21,62), (5,91), (13,87), (9,10), (35,36), (45,101), (31,72), (48,49), (28,29), (47,103), (48,106), (42,96), (7,8), (33,74), (2,3), (48,107), (44,100), (48,104), (22,23), (43,97), (40,94), (24,66), (16,17), (2,13), (4,90), (51,52), (15,58), (3,89), (46,102), (23,65), (22,31), (27,67), (41,95), (44,98), (25,26), (44,99), (35,37), (39,93), (48,105), (39,40), (5,6), (14,70),  time: 5.303 secs
k = 43 	 ENS = 1735.61 : (21,62), (5,91), (13,87), (9,10), (35,36), (45,101), (31,72), (48,49), (28,29), (47,103), (48,106), (42,96), (7,8), (33,74), (2,3), (48,107), (44,100), (48,104), (22,23), (43,97), (40,94), (24,66), (16,17), (2,13), (4,90), (51,52), (15,58), (3,89), (46,102), (23,65), (22,31), (27,67), (41,95), (44,98), (25,26), (44,99), (35,37), (39,93), (48,105), (39,40), (16,21), (5,6), (14,70),  time: 4.477 secs
k = 44 	 ENS = 1709.41 : (21,62), (5,91), (13,87), (9,10), (35,36), (45,101), (31,72), (48,49), (28,29), (47,103), (48,106), (42,96), (7,8), (33,74), (2,3), (48,107), (44,100), (48,104), (22,23), (43,97), (40,94), (24,66), (16,17), (2,13), (4,90), (51,52), (15,58), (3,89), (46,102), (23,65), (22,31), (27,67), (41,95), (44,98), (25,26), (44,99), (35,37), (39,93), (48,105), (6,92), (39,40), (16,21), (5,6), (14,70),  time: 3.765 secs
k = 45 	 ENS = 1686.86 : (21,62), (5,91), (13,87), (9,10), (35,36), (45,101), (31,72), (48,49), (28,29), (47,103), (48,106), (42,96), (7,8), (33,74), (2,3), (48,107), (44,100), (48,104), (22,23), (43,97), (40,94), (24,66), (16,17), (2,13), (4,90), (51,52), (15,58), (3,89), (46,102), (23,65), (22,31), (18,19), (27,67), (41,95), (44,98), (25,26), (44,99), (35,37), (39,93), (48,105), (6,92), (39,40), (16,21), (5,6), (14,70),  time: 3.664 secs
k = 46 	 ENS = 1665.32 : (21,62), (5,91), (13,87), (9,10), (35,36), (45,101), (31,72), (48,49), (28,29), (47,103), (48,106), (42,96), (7,8), (33,74), (2,3), (48,107), (44,100), (48,104), (22,23), (43,97), (40,94), (24,66), (16,17), (2,13), (4,90), (51,52), (15,58), (3,89), (46,102), (23,65), (22,31), (18,19), (27,67), (41,95), (44,98), (25,26), (44,99), (9,84), (35,37), (39,93), (48,105), (6,92), (39,40), (16,21), (5,6), (14,70),  time: 3.327 secs
k = 47 	 ENS = 1644.62 : (21,62), (5,91), (13,87), (9,10), (35,36), (45,101), (31,72), (48,49), (28,29), (47,103), (48,106), (42,96), (7,8), (33,74), (2,3), (48,107), (44,100), (48,104), (22,23), (43,97), (40,94), (24,66), (16,17), (2,13), (4,90), (51,52), (15,58), (3,89), (46,102), (32,73), (23,65), (22,31), (18,19), (27,67), (41,95), (44,98), (25,26), (44,99), (9,84), (35,37), (39,93), (48,105), (6,92), (39,40), (16,21), (5,6), (14,70),  time: 3.086 secs
k = 48 	 ENS = 1625.16 : (21,62), (5,91), (13,87), (9,10), (35,36), (45,101), (31,72), (48,49), (28,29), (47,103), (48,106), (42,96), (7,8), (33,74), (2,3), (48,107), (44,100), (48,104), (22,23), (43,97), (40,94), (24,66), (16,17), (2,13), (4,90), (51,52), (15,58), (3,89), (46,102), (32,73), (23,65), (22,31), (18,19), (27,67), (41,95), (44,98), (25,26), (44,99), (9,84), (35,37), (39,93), (48,105), (6,92), (39,40), (34,63), (16,21), (5,6), (14,70),  time: 3.627 secs
k = 49 	 ENS = 1606.46 : (21,62), (5,91), (13,87), (9,10), (35,36), (45,101), (31,72), (48,49), (28,29), (47,103), (48,106), (42,96), (7,8), (33,74), (31,71), (2,3), (48,107), (44,100), (48,104), (22,23), (43,97), (40,94), (24,66), (16,17), (2,13), (4,90), (51,52), (15,58), (3,89), (46,102), (32,73), (23,65), (22,31), (18,19), (27,67), (41,95), (44,98), (25,26), (44,99), (9,84), (35,37), (39,93), (48,105), (6,92), (39,40), (34,63), (16,21), (5,6), (14,70),  time: 3.544 secs
k = 50 	 ENS = 1589.53 : (21,62), (5,91), (50,108), (13,87), (9,10), (35,36), (45,101), (31,72), (48,49), (28,29), (47,103), (48,106), (42,96), (7,8), (33,74), (31,71), (2,3), (48,107), (44,100), (48,104), (22,23), (43,97), (40,94), (24,66), (16,17), (2,13), (4,90), (51,52), (15,58), (3,89), (46,102), (32,73), (23,65), (22,31), (18,19), (27,67), (41,95), (44,98), (25,26), (44,99), (9,84), (35,37), (39,93), (48,105), (6,92), (39,40), (34,63), (16,21), (5,6), (14,70),  time: 3.673 secs
k = 51 	 ENS = 1574.38 : (21,62), (5,91), (50,108), (13,87), (9,10), (35,36), (45,101), (31,72), (48,49), (28,29), (47,103), (48,106), (42,96), (7,8), (33,74), (31,71), (2,3), (48,107), (44,100), (48,104), (22,23), (52,53), (43,97), (40,94), (24,66), (16,17), (2,13), (4,90), (15,58), (3,89), (46,102), (32,73), (23,65), (22,31), (18,19), (27,67), (41,95), (44,98), (25,26), (44,99), (9,84), (35,37), (52,109), (39,93), (48,105), (6,92), (39,40), (34,63), (16,21), (5,6), (14,70),  time: 4.748 secs
k = 52 	 ENS = 1560.51 : (21,62), (5,91), (50,108), (13,87), (9,10), (35,36), (45,101), (31,72), (48,49), (28,29), (47,103), (48,106), (42,96), (7,8), (33,74), (31,71), (2,3), (48,107), (44,100), (48,104), (22,23), (52,53), (43,97), (40,94), (24,66), (16,17), (2,13), (4,90), (15,58), (3,89), (46,102), (32,73), (23,65), (22,31), (18,19), (27,67), (41,95), (44,98), (25,26), (44,99), (9,84), (35,37), (52,109), (10,57), (39,93), (48,105), (6,92), (39,40), (34,63), (16,21), (5,6), (14,70),  time: 7.249 secs
k = 53 	 ENS = 1547.23 : (21,62), (5,91), (50,108), (13,87), (9,10), (35,36), (45,101), (31,72), (48,49), (28,29), (47,103), (48,106), (42,96), (7,8), (33,74), (31,71), (2,3), (48,107), (44,100), (48,104), (22,23), (52,53), (43,97), (40,94), (24,66), (16,17), (2,13), (4,90), (15,58), (3,89), (46,102), (32,73), (23,65), (22,31), (18,19), (27,67), (41,95), (44,98), (25,26), (44,99), (9,84), (35,37), (52,109), (10,57), (39,93), (48,105), (44,45), (6,92), (39,40), (34,63), (16,21), (5,6), (14,70),  time: 14.692 secs
k = 54 	 ENS = 1534.09 : (21,62), (5,91), (50,108), (13,87), (9,10), (35,36), (45,101), (31,72), (48,49), (28,29), (47,103), (48,106), (42,96), (51,1), (7,8), (33,74), (31,71), (2,3), (48,107), (44,100), (48,104), (22,23), (52,53), (43,97), (40,94), (24,66), (16,17), (2,13), (4,90), (15,58), (3,89), (46,102), (32,73), (23,65), (22,31), (18,19), (27,67), (41,95), (44,98), (25,26), (44,99), (9,84), (35,37), (52,109), (10,57), (39,93), (48,105), (44,45), (6,92), (39,40), (34,63), (16,21), (5,6), (14,70),  time: 16.857 secs
k = 55 	 ENS = 1521.37 : (21,62), (5,91), (50,108), (13,87), (9,10), (35,36), (45,101), (31,72), (48,49), (28,29), (47,103), (48,106), (42,96), (51,1), (7,8), (33,74), (31,71), (2,3), (48,107), (44,100), (48,104), (22,23), (52,53), (43,97), (40,94), (24,66), (16,17), (2,13), (4,90), (15,58), (3,89), (46,102), (32,73), (23,65), (22,31), (18,19), (27,67), (41,95), (44,98), (25,26), (44,99), (9,84), (11,82), (35,37), (52,109), (10,57), (39,93), (48,105), (44,45), (6,92), (39,40), (34,63), (16,21), (5,6), (14,70),  time: 18.310 secs
k = 56 	 ENS = 1509.13 : (21,62), (5,91), (50,108), (13,87), (15,16), (9,10), (35,36), (45,101), (31,72), (48,49), (28,29), (47,103), (48,106), (42,96), (51,1), (7,8), (33,74), (31,71), (2,3), (48,107), (44,100), (48,104), (22,23), (52,53), (43,97), (40,94), (24,66), (16,17), (2,13), (4,90), (15,58), (3,89), (46,102), (32,73), (23,65), (22,31), (18,19), (27,67), (41,95), (44,98), (25,26), (44,99), (9,84), (11,82), (35,37), (52,109), (10,57), (39,93), (48,105), (44,45), (6,92), (39,40), (34,63), (16,21), (5,6), (14,70),  time: 21.828 secs
k = 57 	 ENS = 1497.25 : (21,62), (5,91), (50,108), (13,87), (15,16), (9,10), (35,36), (45,101), (31,72), (48,49), (28,29), (47,103), (48,106), (42,96), (51,1), (7,8), (10,83), (33,74), (31,71), (2,3), (48,107), (44,100), (48,104), (22,23), (52,53), (43,97), (40,94), (24,66), (16,17), (2,13), (4,90), (15,58), (3,89), (46,102), (32,73), (23,65), (22,31), (18,19), (27,67), (41,95), (44,98), (25,26), (44,99), (9,84), (11,82), (35,37), (52,109), (10,57), (39,93), (48,105), (44,45), (6,92), (39,40), (34,63), (16,21), (5,6), (14,70),  time: 29.424 secs
k = 58 	 ENS = 1485.89 : (21,62), (5,91), (50,108), (13,87), (15,16), (9,10), (35,36), (45,101), (31,72), (48,49), (28,29), (47,103), (48,106), (42,96), (51,1), (7,8), (18,56), (10,83), (33,74), (31,71), (2,3), (48,107), (44,100), (48,104), (22,23), (52,53), (43,97), (40,94), (24,66), (16,17), (2,13), (4,90), (15,58), (3,89), (46,102), (32,73), (23,65), (22,31), (18,19), (27,67), (41,95), (44,98), (25,26), (44,99), (9,84), (11,82), (35,37), (52,109), (10,57), (39,93), (48,105), (44,45), (6,92), (39,40), (34,63), (16,21), (5,6), (14,70),  time: 54.773 secs
k = 59 	 ENS = 1475.29 : (21,62), (5,91), (50,108), (13,87), (15,16), (9,10), (35,36), (45,101), (31,72), (48,49), (28,29), (47,103), (48,106), (42,96), (51,1), (7,8), (18,56), (10,83), (33,74), (31,71), (2,3), (48,107), (44,100), (48,104), (22,23), (52,53), (43,97), (40,94), (24,66), (16,17), (2,13), (4,90), (15,58), (3,89), (46,102), (32,73), (23,65), (22,31), (18,19), (27,67), (41,95), (24,25), (44,98), (25,26), (44,99), (9,84), (11,82), (35,37), (52,109), (10,57), (39,93), (48,105), (44,45), (6,92), (39,40), (34,63), (16,21), (5,6), (14,70),  time: 64.279 secs
k = 60 	 ENS = 1466.15 : (21,62), (5,91), (50,108), (13,87), (15,16), (9,10), (35,36), (45,101), (31,72), (48,49), (28,29), (47,103), (48,106), (42,96), (51,1), (7,8), (18,56), (10,83), (33,74), (31,71), (2,3), (48,107), (44,100), (48,104), (22,23), (43,97), (40,94), (24,66), (16,17), (2,13), (4,90), (15,58), (3,89), (53,54), (46,102), (53,110), (32,73), (23,65), (22,31), (18,19), (27,67), (41,95), (24,25), (44,98), (25,26), (44,99), (9,84), (11,82), (35,37), (52,109), (10,57), (39,93), (48,105), (44,45), (6,92), (39,40), (34,63), (16,21), (5,6), (14,70),  time: 76.857 secs
k = 61 	 ENS = 1458.17 : (21,62), (5,91), (50,108), (13,87), (15,16), (9,10), (35,36), (45,101), (31,72), (48,49), (28,29), (47,103), (48,106), (42,96), (51,1), (7,8), (18,56), (10,83), (33,74), (31,71), (2,3), (48,107), (44,100), (48,104), (22,23), (43,97), (40,94), (24,66), (16,17), (2,13), (4,90), (15,58), (3,89), (53,54), (46,102), (53,110), (32,73), (23,65), (22,31), (3,4), (18,19), (27,67), (41,95), (24,25), (44,98), (25,26), (44,99), (9,84), (11,82), (35,37), (52,109), (10,57), (39,93), (48,105), (44,45), (6,92), (39,40), (34,63), (16,21), (5,6), (14,70),  time: 109.903 secs
k = 62 	 ENS = 1450.41 : (21,62), (5,91), (50,108), (13,87), (15,16), (9,10), (35,36), (45,101), (31,72), (48,49), (28,29), (47,103), (48,106), (42,96), (51,1), (7,8), (18,56), (10,83), (33,74), (31,71), (2,3), (19,20), (48,107), (44,100), (48,104), (22,23), (43,97), (40,94), (24,66), (16,17), (2,13), (4,90), (15,58), (3,89), (53,54), (46,102), (53,110), (32,73), (23,65), (22,31), (3,4), (27,67), (41,95), (24,25), (44,98), (25,26), (44,99), (9,84), (11,82), (19,55), (35,37), (52,109), (10,57), (39,93), (48,105), (44,45), (6,92), (39,40), (34,63), (16,21), (5,6), (14,70),  time: 136.441 secs
k = 63 	 ENS = 1442.48 : (21,62), (5,91), (50,108), (13,87), (33,34), (15,16), (9,10), (35,36), (37,76), (45,101), (31,72), (48,49), (28,29), (47,103), (48,106), (42,96), (51,1), (7,8), (18,56), (10,83), (37,38), (33,74), (31,71), (2,3), (48,107), (44,100), (48,104), (22,23), (43,97), (40,94), (24,66), (16,17), (2,13), (4,90), (15,58), (3,89), (53,54), (46,102), (53,110), (32,73), (23,65), (22,31), (3,4), (18,19), (27,67), (41,95), (24,25), (44,98), (25,26), (44,99), (9,84), (11,82), (52,109), (10,57), (39,93), (48,105), (44,45), (6,92), (39,40), (34,63), (16,21), (5,6), (14,70),  time: 139.279 secs
k = 64 	 ENS = 1434.72 : (21,62), (5,91), (50,108), (13,87), (33,34), (15,16), (9,10), (35,36), (37,76), (45,101), (31,72), (48,49), (28,29), (47,103), (48,106), (42,96), (51,1), (7,8), (18,56), (10,83), (37,38), (33,74), (31,71), (2,3), (19,20), (48,107), (44,100), (48,104), (22,23), (43,97), (40,94), (24,66), (16,17), (2,13), (4,90), (15,58), (3,89), (53,54), (46,102), (53,110), (32,73), (23,65), (22,31), (3,4), (27,67), (41,95), (24,25), (44,98), (25,26), (44,99), (9,84), (11,82), (19,55), (52,109), (10,57), (39,93), (48,105), (44,45), (6,92), (39,40), (34,63), (16,21), (5,6), (14,70),  time: 139.583 secs
k = 65 	 ENS = 1427.39 : (21,62), (5,91), (11,12), (50,108), (13,87), (33,34), (15,16), (35,36), (37,76), (45,101), (31,72), (48,49), (28,29), (47,103), (48,106), (42,96), (51,1), (7,8), (18,56), (10,83), (37,38), (33,74), (31,71), (2,3), (19,20), (48,107), (44,100), (48,104), (22,23), (43,97), (40,94), (24,66), (16,17), (2,13), (4,90), (15,58), (3,89), (53,54), (46,102), (53,110), (32,73), (23,65), (22,31), (3,4), (27,67), (41,95), (24,25), (44,98), (7,9), (25,26), (44,99), (9,84), (11,82), (19,55), (52,109), (10,57), (39,93), (48,105), (44,45), (6,92), (39,40), (34,63), (16,21), (5,6), (14,70),  time: 149.307 secs
k = 66 	 ENS = 1420.94 : (21,62), (5,91), (11,12), (50,108), (13,87), (33,34), (15,16), (35,36), (37,76), (45,101), (31,72), (48,49), (28,29), (47,103), (48,106), (42,96), (51,1), (7,8), (18,56), (10,83), (37,38), (33,74), (31,71), (2,3), (19,20), (48,107), (44,100), (48,104), (22,23), (43,97), (40,94), (24,66), (16,17), (2,13), (4,90), (15,58), (3,89), (53,54), (46,102), (53,110), (32,73), (23,65), (22,31), (3,4), (27,67), (41,95), (29,30), (24,25), (44,98), (7,9), (25,26), (44,99), (9,84), (11,82), (19,55), (52,109), (10,57), (39,93), (48,105), (44,45), (6,92), (39,40), (34,63), (16,21), (5,6), (14,70),  time: 155.871 secs
k = 67 	 ENS = 1414.67 : (21,62), (5,91), (11,12), (50,108), (13,87), (33,34), (17,59), (15,16), (35,36), (37,76), (45,101), (31,72), (48,49), (28,29), (47,103), (48,106), (42,96), (51,1), (7,8), (18,56), (10,83), (37,38), (33,74), (31,71), (2,3), (19,20), (48,107), (44,100), (48,104), (22,23), (43,97), (40,94), (24,66), (16,17), (2,13), (4,90), (15,58), (3,89), (53,54), (46,102), (53,110), (32,73), (23,65), (22,31), (3,4), (27,67), (41,95), (29,30), (24,25), (44,98), (7,9), (25,26), (44,99), (9,84), (11,82), (19,55), (52,109), (10,57), (39,93), (48,105), (44,45), (6,92), (39,40), (34,63), (16,21), (5,6), (14,70),  time: 155.989 secs
k = 68 	 ENS = 1408.52 : (21,62), (5,91), (11,12), (50,108), (13,87), (17,59), (15,16), (35,36), (37,76), (45,101), (31,72), (48,49), (31,32), (28,29), (47,103), (48,106), (42,96), (51,1), (7,8), (18,56), (10,83), (33,74), (31,71), (2,3), (19,20), (48,107), (44,100), (48,104), (22,23), (43,97), (40,94), (24,66), (16,17), (2,13), (4,90), (15,58), (3,89), (53,54), (46,102), (53,110), (32,73), (23,65), (22,31), (3,4), (27,67), (41,95), (29,30), (24,25), (44,98), (7,9), (25,26), (44,99), (9,84), (11,82), (19,55), (35,37), (52,109), (10,57), (39,93), (48,105), (38,78), (44,45), (6,92), (39,40), (34,63), (16,21), (5,6), (14,70),  time: 185.508 secs
k = 69 	 ENS = 1402.86 : (21,62), (5,91), (11,12), (50,108), (13,87), (29,68), (17,59), (15,16), (35,36), (37,76), (45,101), (31,72), (48,49), (31,32), (28,29), (47,103), (48,106), (42,96), (51,1), (7,8), (18,56), (10,83), (33,74), (31,71), (2,3), (19,20), (48,107), (44,100), (48,104), (22,23), (43,97), (40,94), (24,66), (16,17), (2,13), (4,90), (15,58), (3,89), (53,54), (46,102), (53,110), (32,73), (23,65), (22,31), (3,4), (27,67), (41,95), (29,30), (24,25), (44,98), (7,9), (25,26), (44,99), (9,84), (11,82), (19,55), (35,37), (52,109), (10,57), (39,93), (48,105), (38,78), (44,45), (6,92), (39,40), (34,63), (16,21), (5,6), (14,70),  time: 188.738 secs
k = 70 	 ENS = 1398.31 : (21,62), (5,91), (11,12), (50,108), (13,87), (29,68), (17,59), (15,16), (35,36), (37,76), (45,101), (31,72), (48,49), (31,32), (28,29), (47,103), (48,106), (42,96), (51,1), (7,8), (18,56), (10,83), (33,74), (31,71), (2,3), (19,20), (48,107), (44,100), (48,104), (22,23), (43,97), (40,94), (24,66), (16,17), (2,13), (4,90), (15,58), (3,89), (53,54), (46,102), (53,110), (32,73), (23,65), (22,31), (3,4), (27,67), (41,95), (29,30), (24,25), (44,98), (7,9), (25,26), (44,99), (9,84), (11,82), (19,55), (38,77), (35,37), (52,109), (10,57), (39,93), (48,105), (38,78), (44,45), (6,92), (39,40), (34,63), (16,21), (5,6), (14,70),  time: 259.997 secs
Total time: 4101.556 secs