k = 0 	 ENS = 58226.26 :  time: 0.001 secs
k = 1 	 ENS = 40600.11 : (2,13),  time: 0.011 secs
k = 2 	 ENS = 26659.82 : (128,133), (2,13),  time: 0.005 secs
k = 3 	 ENS = 21246.92 : (2,3), (128,133), (2,13),  time: 0.015 secs
k = 4 	 ENS = 17694.02 : (2,3), (136,137), (2,13), (2,122),  time: 0.021 secs
k = 5 	 ENS = 15691.50 : (2,3), (136,137), (23,24), (2,13), (2,122),  time: 0.024 secs
k = 6 	 ENS = 14129.70 : (22,31), (2,3), (136,137), (23,24), (2,13), (2,122),  time: 0.027 secs
k = 7 	 ENS = 12629.83 : (22,31), (2,3), (136,137), (23,24), (2,13), (2,122), (2,114),  time: 0.034 secs
k = 8 	 ENS = 11682.58 : (22,31), (2,3), (136,137), (23,24), (16,17), (2,13), (2,122), (2,114),  time: 0.064 secs
k = 9 	 ENS = 10868.66 : (22,31), (2,3), (128,129), (136,137), (23,24), (16,17), (2,13), (2,122), (2,114),  time: 0.133 secs
k = 10 	 ENS = 10063.75 : (22,31), (2,3), (22,23), (128,129), (136,137), (45,46), (16,17), (2,13), (2,122), (2,114),  time: 0.180 secs
k = 11 	 ENS = 9279.62 : (22,31), (2,3), (22,23), (128,129), (138,143), (128,133), (45,46), (16,17), (2,13), (2,122), (2,114),  time: 0.140 secs
k = 12 	 ENS = 8788.67 : (22,31), (2,3), (22,23), (128,129), (138,143), (128,133), (45,46), (138,139), (16,17), (2,13), (2,122), (2,114),  time: 0.162 secs
k = 13 	 ENS = 8423.90 : (22,31), (2,3), (22,23), (128,129), (138,143), (125,126), (128,133), (45,46), (138,139), (16,17), (2,13), (2,122), (2,114),  time: 0.294 secs
k = 14 	 ENS = 8100.02 : (22,31), (2,3), (22,23), (128,129), (138,143), (125,126), (128,133), (45,46), (138,139), (16,17), (2,13), (2,122), (2,114), (28,29),  time: 0.317 secs
k = 15 	 ENS = 7799.98 : (22,31), (2,3), (22,23), (128,129), (138,143), (125,126), (128,133), (45,46), (138,139), (150,154), (16,17), (2,13), (2,122), (2,114), (28,29),  time: 0.426 secs
k = 16 	 ENS = 7512.38 : (22,31), (2,3), (22,23), (128,129), (138,143), (125,126), (128,133), (40,41), (138,139), (47,48), (150,154), (16,17), (2,13), (2,122), (2,114), (28,29),  time: 0.588 secs
k = 17 	 ENS = 7285.67 : (22,31), (2,3), (22,23), (5,6), (128,129), (138,143), (125,126), (128,133), (40,41), (138,139), (47,48), (150,154), (16,17), (2,13), (2,122), (2,114), (28,29),  time: 1.038 secs
k = 18 	 ENS = 7076.93 : (22,31), (2,3), (22,23), (5,6), (128,129), (122,172), (138,143), (125,126), (128,133), (40,41), (138,139), (47,48), (150,154), (16,17), (2,13), (2,122), (2,114), (28,29),  time: 1.247 secs
k = 19 	 ENS = 6882.73 : (22,31), (2,3), (22,23), (5,6), (128,129), (122,172), (138,143), (125,126), (128,133), (40,41), (138,139), (47,48), (150,154), (16,17), (2,13), (2,122), (2,114), (150,151), (28,29),  time: 1.480 secs
k = 20 	 ENS = 6693.08 : (22,31), (2,3), (22,23), (5,6), (128,129), (122,172), (138,143), (125,126), (128,133), (40,41), (138,139), (47,48), (150,154), (16,17), (2,13), (2,122), (2,114), (124,181), (150,151), (28,29),  time: 1.819 secs
k = 21 	 ENS = 6507.08 : (22,31), (2,3), (22,23), (5,6), (128,129), (122,172), (146,147), (138,143), (125,126), (128,133), (40,41), (138,139), (47,48), (150,154), (16,17), (2,13), (2,122), (2,114), (124,181), (150,151), (28,29),  time: 2.033 secs
k = 22 	 ENS = 6327.51 : (25,26), (22,31), (2,3), (22,23), (5,6), (128,129), (122,172), (146,147), (138,143), (125,126), (128,133), (40,41), (138,139), (47,48), (150,154), (16,17), (2,13), (2,122), (2,114), (124,181), (150,151), (28,29),  time: 2.129 secs
k = 23 	 ENS = 6151.95 : (25,26), (22,31), (2,3), (22,23), (5,6), (128,129), (122,172), (146,147), (138,143), (125,126), (128,133), (40,41), (138,139), (47,48), (150,154), (16,17), (123,166), (2,13), (2,122), (2,114), (124,181), (150,151), (28,29),  time: 2.611 secs
k = 24 	 ENS = 5992.52 : (25,26), (22,31), (2,3), (22,23), (5,6), (128,129), (122,172), (146,147), (138,143), (13,87), (125,126), (128,133), (40,41), (138,139), (47,48), (150,154), (16,17), (123,166), (2,13), (2,122), (2,114), (124,181), (150,151), (28,29),  time: 3.166 secs
k = 25 	 ENS = 5844.77 : (48,49), (25,26), (22,31), (2,3), (22,23), (5,6), (128,129), (122,172), (146,147), (138,143), (13,87), (125,126), (128,133), (45,46), (138,139), (150,154), (16,17), (123,166), (2,13), (2,122), (2,114), (124,181), (150,151), (28,29), (39,40),  time: 3.252 secs
k = 26 	 ENS = 5720.66 : (48,49), (25,26), (22,31), (2,3), (22,23), (5,6), (128,129), (122,172), (146,147), (138,143), (13,87), (125,126), (128,133), (24,66), (45,46), (138,139), (150,154), (16,17), (123,166), (2,13), (2,122), (2,114), (124,181), (150,151), (28,29), (39,40),  time: 3.574 secs
k = 27 	 ENS = 5604.15 : (48,49), (25,26), (22,31), (2,3), (22,23), (5,6), (128,129), (122,172), (146,147), (138,143), (13,87), (125,126), (135,183), (128,133), (24,66), (45,46), (138,139), (150,154), (16,17), (123,166), (2,13), (2,122), (2,114), (124,181), (150,151), (28,29), (39,40),  time: 3.912 secs
k = 28 	 ENS = 5488.78 : (48,49), (25,26), (22,31), (2,3), (22,23), (5,6), (128,129), (122,172), (21,62), (146,147), (138,143), (13,87), (125,126), (135,183), (128,133), (24,66), (45,46), (138,139), (150,154), (16,17), (123,166), (2,13), (2,122), (2,114), (124,181), (150,151), (28,29), (39,40),  time: 4.271 secs
k = 29 	 ENS = 5383.38 : (48,49), (25,26), (22,31), (2,3), (22,23), (5,6), (128,129), (122,172), (21,62), (146,147), (138,143), (13,87), (125,126), (135,183), (128,133), (24,66), (45,46), (138,139), (150,154), (14,70), (16,17), (123,166), (2,13), (2,122), (2,114), (124,181), (150,151), (28,29), (39,40),  time: 4.911 secs
k = 30 	 ENS = 5277.99 : (48,49), (25,26), (22,31), (2,3), (22,23), (5,6), (128,129), (122,172), (21,62), (146,147), (138,143), (13,87), (125,126), (135,183), (128,133), (24,66), (45,46), (138,139), (150,154), (14,70), (16,17), (123,166), (2,13), (2,122), (2,114), (124,181), (150,151), (15,58), (28,29), (39,40),  time: 6.389 secs
k = 31 	 ENS = 5174.24 : (48,49), (25,26), (22,31), (2,3), (22,23), (5,6), (128,129), (122,172), (21,62), (146,147), (138,143), (13,87), (41,42), (125,126), (135,183), (128,133), (24,66), (45,46), (138,139), (150,154), (14,70), (16,17), (123,166), (2,13), (2,122), (2,114), (41,95), (124,181), (150,151), (15,58), (28,29),  time: 5.994 secs
k = 32 	 ENS = 5070.75 : (48,49), (25,26), (22,31), (2,3), (22,23), (5,6), (128,129), (122,172), (21,62), (146,147), (138,143), (13,87), (41,42), (125,126), (135,183), (128,133), (24,66), (45,46), (138,139), (150,154), (14,70), (16,17), (123,166), (34,35), (2,13), (2,122), (2,114), (41,95), (124,181), (150,151), (15,58), (28,29),  time: 6.036 secs
k = 33 	 ENS = 4971.78 : (48,49), (25,26), (22,31), (2,3), (22,23), (5,6), (128,129), (122,172), (21,62), (146,147), (138,143), (13,87), (41,42), (125,126), (135,183), (128,133), (24,66), (45,46), (138,139), (150,154), (14,70), (16,17), (123,166), (34,35), (2,13), (130,132), (2,122), (2,114), (41,95), (124,181), (150,151), (15,58), (28,29),  time: 7.260 secs
k = 34 	 ENS = 4881.06 : (48,49), (25,26), (22,31), (2,3), (22,23), (5,6), (128,129), (122,172), (21,62), (146,147), (138,143), (13,87), (41,42), (125,126), (135,183), (128,133), (24,66), (45,46), (138,139), (150,154), (134,190), (14,70), (16,17), (123,166), (34,35), (2,13), (130,132), (2,122), (2,114), (41,95), (124,181), (150,151), (15,58), (28,29),  time: 7.815 secs
k = 35 	 ENS = 4794.75 : (48,49), (25,26), (22,31), (2,3), (22,23), (5,6), (128,129), (122,172), (21,62), (146,147), (138,143), (13,87), (41,42), (125,126), (135,183), (128,133), (24,66), (45,46), (138,139), (150,154), (134,190), (14,70), (16,17), (123,166), (34,35), (2,13), (130,132), (2,122), (136,175), (2,114), (41,95), (124,181), (150,151), (15,58), (28,29),  time: 10.751 secs
k = 36 	 ENS = 4708.94 : (48,49), (25,26), (22,31), (2,3), (22,23), (5,6), (128,129), (122,172), (21,62), (146,147), (44,98), (138,143), (13,87), (125,126), (135,183), (128,133), (24,66), (45,46), (138,139), (150,154), (134,190), (14,70), (16,17), (123,166), (34,35), (2,13), (130,132), (2,122), (136,175), (2,114), (41,95), (124,181), (150,151), (15,58), (28,29), (39,40),  time: 14.569 secs
k = 37 	 ENS = 4635.70 : (48,49), (25,26), (22,31), (2,3), (22,23), (5,6), (128,129), (122,172), (21,62), (146,147), (44,98), (138,143), (13,87), (125,126), (135,183), (128,133), (24,66), (46,102), (138,139), (47,48), (150,154), (134,190), (14,70), (16,17), (123,166), (34,35), (2,13), (130,132), (2,122), (136,175), (2,114), (41,95), (124,181), (150,151), (15,58), (28,29), (39,40),  time: 24.564 secs
k = 38 	 ENS = 4562.92 : (48,49), (25,26), (27,67), (22,31), (2,3), (22,23), (5,6), (128,129), (122,172), (21,62), (146,147), (44,98), (138,143), (13,87), (125,126), (135,183), (128,133), (24,66), (46,102), (138,139), (47,48), (150,154), (134,190), (14,70), (16,17), (123,166), (34,35), (2,13), (130,132), (2,122), (136,175), (2,114), (41,95), (124,181), (150,151), (15,58), (28,29), (39,40),  time: 33.227 secs
k = 39 	 ENS = 4491.22 : (48,49), (25,26), (27,67), (22,31), (2,3), (22,23), (5,6), (128,129), (122,172), (21,62), (146,147), (44,98), (138,143), (13,87), (40,94), (41,42), (125,126), (135,183), (128,133), (24,66), (46,102), (138,139), (47,48), (150,154), (134,190), (14,70), (16,17), (123,166), (34,35), (2,13), (130,132), (2,122), (136,175), (2,114), (41,95), (124,181), (150,151), (15,58), (28,29),  time: 56.233 secs
k = 40 	 ENS = 4420.82 : (48,49), (25,26), (27,67), (22,31), (2,3), (22,23), (5,6), (128,129), (122,172), (21,62), (146,147), (44,98), (138,143), (13,87), (40,94), (41,42), (125,126), (135,183), (128,133), (24,66), (46,102), (138,139), (47,48), (150,154), (134,190), (23,65), (14,70), (16,17), (123,166), (34,35), (2,13), (130,132), (2,122), (136,175), (2,114), (41,95), (124,181), (150,151), (15,58), (28,29),  time: 73.590 secs
k = 41 	 ENS = 4350.63 : (48,49), (25,26), (27,67), (22,31), (2,3), (22,23), (128,129), (122,172), (21,62), (146,147), (44,98), (138,143), (7,9), (7,8), (13,87), (40,94), (41,42), (125,126), (135,183), (128,133), (24,66), (46,102), (138,139), (47,48), (150,154), (134,190), (23,65), (14,70), (16,17), (123,166), (34,35), (2,13), (130,132), (2,122), (136,175), (2,114), (41,95), (124,181), (150,151), (15,58), (28,29),  time: 102.261 secs
k = 42 	 ENS = 4282.14 : (48,49), (25,26), (27,67), (22,31), (2,3), (22,23), (128,129), (122,172), (21,62), (146,147), (133,182), (44,98), (138,143), (7,9), (7,8), (13,87), (40,94), (41,42), (125,126), (135,183), (128,133), (24,66), (46,102), (138,139), (47,48), (150,154), (134,190), (23,65), (14,70), (16,17), (123,166), (34,35), (2,13), (130,132), (2,122), (136,175), (2,114), (41,95), (124,181), (150,151), (15,58), (28,29),  time: 122.863 secs
k = 43 	 ENS = 4213.82 : (48,49), (25,26), (27,67), (22,31), (2,3), (22,23), (128,129), (122,172), (21,62), (146,147), (133,182), (44,98), (138,143), (7,9), (7,8), (13,87), (40,94), (41,42), (39,93), (125,126), (135,183), (128,133), (24,66), (46,102), (138,139), (47,48), (150,154), (134,190), (23,65), (14,70), (16,17), (123,166), (34,35), (2,13), (130,132), (2,122), (136,175), (2,114), (41,95), (124,181), (150,151), (15,58), (28,29),  time: 141.450 secs
k = 44 	 ENS = 4149.29 : (48,49), (25,26), (27,67), (22,31), (2,3), (22,23), (128,129), (122,172), (21,62), (146,147), (133,182), (44,98), (138,143), (7,9), (7,8), (13,87), (40,94), (41,42), (39,93), (125,126), (135,183), (128,133), (24,66), (137,176), (46,102), (138,139), (47,48), (150,154), (134,190), (23,65), (14,70), (16,17), (123,166), (34,35), (2,13), (130,132), (2,122), (136,175), (2,114), (41,95), (124,181), (150,151), (15,58), (28,29),  time: 132.736 secs
k = 45 	 ENS = 4097.92 : (48,49), (25,26), (27,67), (22,31), (2,3), (22,23), (128,129), (42,96), (122,172), (21,62), (146,147), (133,182), (44,98), (138,143), (7,9), (7,8), (13,87), (40,94), (39,93), (125,126), (135,183), (128,133), (24,66), (42,43), (137,176), (46,102), (138,139), (47,48), (150,154), (134,190), (23,65), (14,70), (16,17), (123,166), (34,35), (2,13), (130,132), (2,122), (136,175), (2,114), (41,95), (124,181), (150,151), (15,58), (28,29),  time: 193.872 secs
k = 46 	 ENS = 4049.22 : (48,49), (25,26), (27,67), (22,31), (2,3), (22,23), (128,129), (136,167), (42,96), (122,172), (21,62), (146,147), (133,182), (44,98), (138,143), (7,9), (7,8), (13,87), (40,94), (39,93), (125,126), (135,183), (128,133), (24,66), (42,43), (137,176), (46,102), (138,139), (47,48), (150,154), (134,190), (23,65), (14,70), (16,17), (123,166), (34,35), (2,13), (130,132), (2,122), (136,175), (2,114), (41,95), (124,181), (150,151), (15,58), (28,29),  time: 329.067 secs
k = 47 	 ENS = 4002.40 : (48,49), (25,26), (27,67), (22,31), (2,3), (22,23), (5,6), (128,129), (136,167), (42,96), (122,172), (21,62), (146,147), (133,182), (44,98), (138,143), (7,8), (13,87), (40,94), (39,93), (125,126), (135,183), (128,133), (24,66), (42,43), (137,176), (9,10), (46,102), (138,139), (47,48), (150,154), (134,190), (23,65), (14,70), (16,17), (123,166), (34,35), (2,13), (130,132), (2,122), (136,175), (2,114), (41,95), (124,181), (150,151), (15,58), (28,29),  time: 339.393 secs
k = 48 	 ENS = 3955.87 : (48,49), (25,26), (27,67), (22,31), (2,3), (22,23), (5,6), (128,129), (136,167), (42,96), (122,172), (21,62), (146,147), (133,182), (44,98), (138,143), (7,8), (13,87), (40,94), (39,93), (125,126), (135,183), (128,133), (24,66), (42,43), (137,176), (9,10), (46,102), (138,139), (47,48), (150,154), (134,190), (23,65), (14,70), (16,17), (123,166), (34,35), (2,13), (130,132), (2,122), (136,175), (2,114), (41,95), (3,89), (124,181), (150,151), (15,58), (28,29),  time: 538.246 secs
Total time: 4368.402 secs