k = 0 	 ENS = 105636.13 :  time: 0.001 secs
k = 1 	 ENS = 78817.41 : (2,13),  time: 0.014 secs
k = 2 	 ENS = 57773.42 : (2,13), (2,122),  time: 0.006 secs
k = 3 	 ENS = 37226.99 : (2,13), (2,216), (2,122),  time: 0.006 secs
k = 4 	 ENS = 29686.59 : (2,13), (2,216), (2,122), (2,3),  time: 0.018 secs
k = 5 	 ENS = 25315.20 : (2,13), (2,216), (2,122), (136,137), (2,3),  time: 0.020 secs
k = 6 	 ENS = 23255.47 : (2,13), (2,216), (2,122), (2,114), (136,137), (2,3),  time: 0.027 secs
k = 7 	 ENS = 21252.95 : (2,13), (23,24), (2,216), (2,122), (2,114), (136,137), (2,3),  time: 0.026 secs
k = 8 	 ENS = 19691.15 : (2,13), (23,24), (2,216), (22,31), (2,122), (2,114), (136,137), (2,3),  time: 0.035 secs
k = 9 	 ENS = 18270.35 : (2,13), (23,24), (2,216), (22,31), (2,122), (2,114), (136,137), (230,231), (2,3),  time: 0.041 secs
k = 10 	 ENS = 17286.37 : (2,13), (23,24), (2,216), (22,31), (221,222), (2,122), (2,114), (136,137), (230,231), (2,3),  time: 0.063 secs
k = 11 	 ENS = 16339.11 : (2,13), (23,24), (2,216), (22,31), (16,17), (221,222), (2,122), (2,114), (136,137), (230,231), (2,3),  time: 0.094 secs
k = 12 	 ENS = 15525.19 : (2,13), (23,24), (2,216), (22,31), (16,17), (221,222), (128,129), (2,122), (2,114), (136,137), (230,231), (2,3),  time: 0.128 secs
k = 13 	 ENS = 14720.29 : (2,13), (2,216), (22,31), (16,17), (22,23), (221,222), (128,129), (45,46), (2,122), (2,114), (136,137), (230,231), (2,3),  time: 0.340 secs
k = 14 	 ENS = 13936.15 : (2,13), (2,216), (22,31), (16,17), (22,23), (221,222), (128,129), (45,46), (2,122), (2,114), (138,143), (230,231), (128,133), (2,3),  time: 0.346 secs
k = 15 	 ENS = 13299.60 : (2,13), (2,216), (22,31), (16,17), (22,23), (221,222), (221,226), (128,129), (45,46), (2,122), (2,114), (138,143), (230,231), (128,133), (2,3),  time: 0.358 secs
k = 16 	 ENS = 12718.82 : (2,13), (2,216), (22,31), (16,17), (22,23), (221,222), (221,226), (128,129), (238,239), (221,228), (45,46), (2,122), (2,114), (138,143), (128,133), (2,3),  time: 0.554 secs
k = 17 	 ENS = 12227.87 : (2,13), (2,216), (22,31), (16,17), (22,23), (221,222), (221,226), (128,129), (238,239), (221,228), (45,46), (138,139), (2,122), (2,114), (138,143), (128,133), (2,3),  time: 0.739 secs
k = 18 	 ENS = 11749.75 : (2,13), (2,216), (22,31), (16,17), (22,23), (221,222), (221,226), (128,129), (238,239), (221,228), (45,46), (138,139), (2,122), (218,219), (2,114), (138,143), (128,133), (2,3),  time: 0.635 secs
k = 19 	 ENS = 11375.61 : (2,13), (2,216), (22,31), (16,17), (22,23), (221,222), (221,226), (128,129), (238,239), (233,234), (221,228), (45,46), (138,139), (2,122), (218,219), (2,114), (138,143), (128,133), (2,3),  time: 1.104 secs
k = 20 	 ENS = 11010.84 : (2,13), (2,216), (22,31), (16,17), (22,23), (221,222), (125,126), (221,226), (128,129), (238,239), (233,234), (221,228), (45,46), (138,139), (2,122), (218,219), (2,114), (138,143), (128,133), (2,3),  time: 1.340 secs
k = 21 	 ENS = 10686.96 : (2,13), (2,216), (22,31), (16,17), (22,23), (221,222), (125,126), (221,226), (128,129), (238,239), (28,29), (233,234), (221,228), (45,46), (138,139), (2,122), (218,219), (2,114), (138,143), (128,133), (2,3),  time: 1.534 secs
k = 22 	 ENS = 10386.92 : (2,13), (2,216), (22,31), (16,17), (22,23), (221,222), (125,126), (221,226), (128,129), (238,239), (28,29), (233,234), (221,228), (45,46), (138,139), (2,122), (218,219), (2,114), (138,143), (150,154), (128,133), (2,3),  time: 2.019 secs
k = 23 	 ENS = 10099.31 : (2,13), (47,48), (2,216), (22,31), (16,17), (22,23), (221,222), (125,126), (221,226), (128,129), (238,239), (28,29), (233,234), (221,228), (138,139), (2,122), (218,219), (2,114), (40,41), (138,143), (150,154), (128,133), (2,3),  time: 3.101 secs
k = 24 	 ENS = 9872.61 : (2,13), (47,48), (2,216), (22,31), (16,17), (22,23), (221,222), (125,126), (221,226), (128,129), (238,239), (28,29), (233,234), (221,228), (138,139), (2,122), (218,219), (2,114), (40,41), (138,143), (150,154), (128,133), (2,3), (5,6),  time: 6.215 secs
k = 25 	 ENS = 9663.87 : (2,13), (47,48), (2,216), (22,31), (16,17), (22,23), (221,222), (125,126), (221,226), (128,129), (238,239), (28,29), (233,234), (221,228), (138,139), (2,122), (218,219), (2,114), (122,172), (40,41), (138,143), (150,154), (128,133), (2,3), (5,6),  time: 9.295 secs
k = 26 	 ENS = 9469.67 : (2,13), (47,48), (2,216), (22,31), (150,151), (16,17), (22,23), (221,222), (125,126), (221,226), (128,129), (238,239), (28,29), (233,234), (221,228), (138,139), (2,122), (218,219), (2,114), (122,172), (40,41), (138,143), (150,154), (128,133), (2,3), (5,6),  time: 14.394 secs
k = 27 	 ENS = 9280.02 : (2,13), (47,48), (2,216), (22,31), (150,151), (16,17), (22,23), (221,222), (125,126), (221,226), (128,129), (238,239), (28,29), (233,234), (221,228), (138,139), (2,122), (218,219), (2,114), (122,172), (40,41), (138,143), (150,154), (124,181), (128,133), (2,3), (5,6),  time: 18.060 secs
k = 28 	 ENS = 9094.02 : (2,13), (47,48), (2,216), (22,31), (150,151), (16,17), (146,147), (22,23), (221,222), (125,126), (221,226), (128,129), (238,239), (28,29), (233,234), (221,228), (138,139), (2,122), (218,219), (2,114), (122,172), (40,41), (138,143), (150,154), (124,181), (128,133), (2,3), (5,6),  time: 23.512 secs
k = 29 	 ENS = 8914.45 : (2,13), (47,48), (2,216), (22,31), (150,151), (16,17), (146,147), (22,23), (221,222), (125,126), (221,226), (128,129), (238,239), (28,29), (233,234), (221,228), (138,139), (25,26), (2,122), (218,219), (2,114), (122,172), (40,41), (138,143), (150,154), (124,181), (128,133), (2,3), (5,6),  time: 28.681 secs
k = 30 	 ENS = 8737.34 : (2,13), (47,48), (2,216), (22,31), (150,151), (16,17), (146,147), (22,23), (221,222), (125,126), (216,259), (221,226), (128,129), (238,239), (28,29), (233,234), (221,228), (138,139), (25,26), (2,122), (218,219), (2,114), (122,172), (40,41), (138,143), (150,154), (124,181), (128,133), (2,3), (5,6),  time: 33.566 secs
k = 31 	 ENS = 8561.78 : (2,13), (47,48), (2,216), (22,31), (150,151), (16,17), (146,147), (22,23), (221,222), (125,126), (216,259), (221,226), (128,129), (238,239), (28,29), (233,234), (221,228), (138,139), (123,166), (25,26), (2,122), (218,219), (2,114), (122,172), (40,41), (138,143), (150,154), (124,181), (128,133), (2,3), (5,6),  time: 36.520 secs
k = 32 	 ENS = 8394.09 : (2,13), (228,229), (47,48), (2,216), (22,31), (150,151), (16,17), (146,147), (22,23), (221,222), (125,126), (216,259), (221,226), (128,129), (228,230), (238,239), (28,29), (233,234), (138,139), (123,166), (25,26), (2,122), (218,219), (2,114), (122,172), (40,41), (138,143), (150,154), (124,181), (128,133), (2,3), (5,6),  time: 61.976 secs
k = 33 	 ENS = 8234.66 : (2,13), (228,229), (47,48), (2,216), (22,31), (150,151), (16,17), (146,147), (22,23), (221,222), (125,126), (216,259), (221,226), (128,129), (228,230), (13,87), (238,239), (28,29), (233,234), (138,139), (123,166), (25,26), (2,122), (218,219), (2,114), (122,172), (40,41), (138,143), (150,154), (124,181), (128,133), (2,3), (5,6),  time: 79.357 secs
k = 34 	 ENS = 8086.91 : (2,13), (228,229), (48,49), (39,40), (2,216), (22,31), (150,151), (16,17), (146,147), (22,23), (221,222), (125,126), (216,259), (221,226), (128,129), (228,230), (13,87), (238,239), (28,29), (233,234), (45,46), (138,139), (123,166), (25,26), (2,122), (218,219), (2,114), (122,172), (138,143), (150,154), (124,181), (128,133), (2,3), (5,6),  time: 115.877 secs
k = 35 	 ENS = 7962.80 : (2,13), (228,229), (48,49), (39,40), (2,216), (22,31), (150,151), (16,17), (146,147), (22,23), (221,222), (125,126), (216,259), (221,226), (128,129), (228,230), (13,87), (238,239), (28,29), (233,234), (45,46), (24,66), (138,139), (123,166), (25,26), (2,122), (218,219), (2,114), (122,172), (138,143), (150,154), (124,181), (128,133), (2,3), (5,6),  time: 159.660 secs
k = 36 	 ENS = 7846.28 : (2,13), (228,229), (48,49), (39,40), (2,216), (22,31), (150,151), (16,17), (146,147), (216,260), (22,23), (221,222), (125,126), (216,259), (221,226), (128,129), (228,230), (13,87), (238,239), (28,29), (233,234), (45,46), (24,66), (138,139), (123,166), (25,26), (2,122), (218,219), (2,114), (122,172), (138,143), (150,154), (124,181), (128,133), (2,3), (5,6),  time: 193.980 secs
k = 37 	 ENS = 7729.77 : (2,13), (228,229), (48,49), (39,40), (2,216), (22,31), (150,151), (16,17), (146,147), (216,260), (22,23), (221,222), (125,126), (216,259), (221,226), (128,129), (228,230), (13,87), (238,239), (28,29), (233,234), (135,183), (45,46), (24,66), (138,139), (123,166), (25,26), (2,122), (218,219), (2,114), (122,172), (138,143), (150,154), (124,181), (128,133), (2,3), (5,6),  time: 227.411 secs
k = 38 	 ENS = 7614.39 : (2,13), (228,229), (48,49), (39,40), (2,216), (22,31), (150,151), (16,17), (146,147), (216,260), (22,23), (221,222), (125,126), (216,259), (221,226), (128,129), (228,230), (13,87), (238,239), (28,29), (233,234), (135,183), (45,46), (24,66), (138,139), (123,166), (25,26), (2,122), (21,62), (218,219), (2,114), (122,172), (138,143), (150,154), (124,181), (128,133), (2,3), (5,6),  time: 259.935 secs
k = 39 	 ENS = 7499.50 : (2,13), (228,229), (232,254), (48,49), (39,40), (2,216), (22,31), (150,151), (16,17), (146,147), (216,260), (22,23), (221,222), (125,126), (216,259), (221,226), (128,129), (228,230), (13,87), (238,239), (28,29), (233,234), (135,183), (45,46), (24,66), (138,139), (123,166), (25,26), (2,122), (21,62), (218,219), (2,114), (122,172), (138,143), (150,154), (124,181), (128,133), (2,3), (5,6),  time: 329.968 secs
k = 40 	 ENS = 7394.01 : (2,13), (228,229), (217,262), (232,254), (48,49), (39,40), (2,216), (22,31), (150,151), (16,17), (146,147), (216,260), (22,23), (221,222), (125,126), (216,259), (221,226), (128,129), (228,230), (13,87), (238,239), (28,29), (233,234), (135,183), (45,46), (24,66), (138,139), (123,166), (25,26), (2,122), (21,62), (218,219), (2,114), (122,172), (138,143), (150,154), (124,181), (128,133), (2,3), (5,6),  time: 355.782 secs
Total time: 3933.470 secs