k = 0 	 ENS = 7202.21 :  time: 0.004 secs
k = 1 	 ENS = 4782.33 : (15,16),  time: 0.005 secs
k = 2 	 ENS = 3658.65 : (15,16), (2,3),  time: 0.004 secs
k = 3 	 ENS = 3038.70 : (16,21), (16,17), (2,3),  time: 0.008 secs
k = 4 	 ENS = 2476.75 : (22,23), (16,17), (2,3), (22,32),  time: 0.008 secs
k = 5 	 ENS = 2114.28 : (22,23), (2,13), (16,17), (2,3), (22,32),  time: 0.016 secs
k = 6 	 ENS = 1887.58 : (22,23), (2,13), (5,6), (16,17), (2,3), (22,32),  time: 0.012 secs
k = 7 	 ENS = 1784.09 : (22,23), (2,13), (5,6), (35,36), (16,17), (2,3), (22,32),  time: 0.025 secs
k = 8 	 ENS = 1702.56 : (22,23), (2,13), (5,6), (35,36), (16,17), (2,3), (22,32), (13,72),  time: 0.030 secs
k = 9 	 ENS = 1632.03 : (22,23), (2,13), (5,6), (35,36), (16,17), (25,27), (2,3), (22,32), (13,72),  time: 0.027 secs
k = 10 	 ENS = 1561.84 : (22,23), (7,9), (2,13), (35,36), (16,17), (25,27), (2,3), (7,8), (22,32), (13,72),  time: 0.034 secs
k = 11 	 ENS = 1502.62 : (22,23), (7,9), (2,13), (35,36), (16,17), (25,27), (2,3), (7,8), (22,32), (21,47), (13,72),  time: 0.044 secs
k = 12 	 ENS = 1447.16 : (22,23), (7,9), (2,13), (35,36), (16,17), (3,74), (25,27), (7,8), (22,32), (21,47), (3,4), (13,72),  time: 0.059 secs
k = 13 	 ENS = 1393.84 : (22,23), (7,9), (2,13), (35,36), (16,17), (3,74), (25,27), (7,8), (22,32), (21,47), (3,4), (15,43), (13,72),  time: 0.066 secs
k = 14 	 ENS = 1340.52 : (22,23), (14,55), (7,9), (2,13), (35,36), (16,17), (3,74), (25,27), (7,8), (22,32), (21,47), (3,4), (15,43), (13,72),  time: 0.072 secs
k = 15 	 ENS = 1296.60 : (22,23), (14,55), (7,9), (2,13), (35,36), (16,17), (3,74), (6,1), (25,27), (7,8), (22,32), (21,47), (3,4), (15,43), (13,72),  time: 0.078 secs
k = 16 	 ENS = 1253.62 : (22,23), (14,55), (7,9), (2,13), (35,36), (16,17), (3,74), (6,1), (25,27), (7,8), (22,32), (4,75), (21,47), (3,4), (15,43), (13,72),  time: 0.113 secs
k = 17 	 ENS = 1215.81 : (22,23), (14,55), (7,9), (2,13), (16,17), (3,74), (6,1), (36,38), (25,27), (7,8), (22,32), (4,75), (21,47), (36,37), (3,4), (15,43), (13,72),  time: 0.123 secs
k = 18 	 ENS = 1179.49 : (22,23), (14,55), (7,9), (2,13), (16,17), (3,74), (6,1), (36,38), (25,27), (7,8), (22,32), (4,75), (21,47), (36,37), (25,26), (3,4), (15,43), (13,72),  time: 0.152 secs
k = 19 	 ENS = 1144.02 : (22,23), (14,55), (7,9), (2,13), (16,17), (3,74), (6,1), (36,38), (25,27), (7,8), (22,32), (32,57), (4,75), (21,47), (36,37), (25,26), (3,4), (15,43), (13,72),  time: 0.161 secs
k = 20 	 ENS = 1114.37 : (22,23), (14,55), (7,9), (2,13), (16,17), (3,74), (6,1), (36,38), (25,27), (7,8), (22,32), (32,57), (4,75), (21,47), (36,37), (25,26), (34,59), (3,4), (15,43), (13,72),  time: 0.303 secs
k = 21 	 ENS = 1083.41 : (22,23), (14,55), (16,21), (7,9), (2,13), (32,56), (16,17), (3,74), (6,1), (36,38), (25,27), (32,33), (7,8), (32,57), (4,75), (21,47), (36,37), (25,26), (3,4), (15,43), (13,72),  time: 0.291 secs
k = 22 	 ENS = 1054.70 : (22,23), (14,55), (16,21), (7,9), (2,13), (32,56), (16,17), (3,74), (5,76), (6,1), (36,38), (25,27), (32,33), (7,8), (32,57), (4,75), (21,47), (36,37), (25,26), (3,4), (15,43), (13,72),  time: 0.358 secs
k = 23 	 ENS = 1026.05 : (22,23), (14,55), (16,21), (7,9), (2,13), (32,56), (24,51), (16,17), (3,74), (5,76), (6,1), (36,38), (25,27), (32,33), (7,8), (32,57), (4,75), (21,47), (36,37), (25,26), (3,4), (15,43), (13,72),  time: 0.329 secs
k = 24 	 ENS = 1000.48 : (22,23), (14,55), (16,21), (2,13), (32,56), (24,51), (5,6), (16,17), (3,74), (5,76), (6,1), (36,38), (25,27), (32,33), (2,3), (7,8), (32,57), (4,75), (21,47), (36,37), (25,26), (9,10), (15,43), (13,72),  time: 0.317 secs
k = 25 	 ENS = 977.15 : (22,23), (14,55), (16,21), (2,13), (32,56), (24,51), (5,6), (16,17), (3,74), (5,76), (6,1), (36,38), (25,27), (32,33), (2,3), (7,8), (32,57), (4,75), (21,47), (36,37), (25,26), (34,59), (9,10), (15,43), (13,72),  time: 0.323 secs
k = 26 	 ENS = 954.60 : (22,23), (14,55), (16,21), (2,13), (32,56), (24,51), (5,6), (16,17), (3,74), (5,76), (6,1), (36,38), (25,27), (32,33), (2,3), (7,8), (32,57), (4,75), (21,47), (18,19), (36,37), (25,26), (34,59), (9,10), (15,43), (13,72),  time: 0.362 secs
k = 27 	 ENS = 933.06 : (22,23), (14,55), (16,21), (2,13), (32,56), (24,51), (5,6), (16,17), (3,74), (5,76), (6,1), (36,38), (25,27), (32,33), (2,3), (9,69), (7,8), (32,57), (4,75), (21,47), (18,19), (36,37), (25,26), (34,59), (9,10), (15,43), (13,72),  time: 0.342 secs
k = 28 	 ENS = 916.77 : (22,23), (14,55), (16,21), (2,13), (32,56), (24,51), (5,6), (16,17), (3,74), (5,76), (6,1), (36,38), (25,27), (32,33), (2,3), (9,69), (7,8), (32,57), (33,58), (4,75), (21,47), (18,19), (36,37), (25,26), (34,59), (9,10), (15,43), (13,72),  time: 0.375 secs
k = 29 	 ENS = 901.07 : (22,23), (14,55), (16,21), (2,13), (32,56), (24,51), (5,6), (27,52), (16,17), (3,74), (5,76), (6,1), (36,38), (32,33), (2,3), (9,69), (7,8), (32,57), (33,58), (4,75), (21,47), (18,19), (36,37), (25,26), (34,59), (9,10), (15,43), (13,72), (27,28),  time: 0.406 secs
k = 30 	 ENS = 885.78 : (22,23), (14,55), (16,21), (2,13), (35,48), (32,56), (24,51), (5,6), (27,52), (16,17), (3,74), (5,76), (6,1), (36,38), (2,3), (9,69), (7,8), (22,32), (32,57), (33,58), (4,75), (21,47), (18,19), (36,37), (25,26), (34,59), (9,10), (15,43), (13,72), (27,28),  time: 0.544 secs
k = 31 	 ENS = 870.83 : (22,23), (14,55), (16,21), (2,13), (35,48), (32,56), (24,51), (5,6), (27,52), (16,17), (3,74), (5,76), (6,1), (36,38), (2,3), (9,69), (7,8), (22,32), (32,57), (33,58), (4,75), (21,47), (18,19), (36,37), (25,26), (34,59), (9,10), (15,43), (13,72), (23,50), (27,28),  time: 0.467 secs
k = 32 	 ENS = 856.96 : (22,23), (14,55), (16,21), (2,13), (35,48), (32,56), (10,42), (24,51), (5,6), (27,52), (16,17), (3,74), (5,76), (6,1), (36,38), (2,3), (9,69), (7,8), (22,32), (32,57), (33,58), (4,75), (21,47), (18,19), (36,37), (25,26), (34,59), (9,10), (15,43), (13,72), (23,50), (27,28),  time: 0.582 secs
k = 33 	 ENS = 844.24 : (22,23), (14,55), (16,21), (2,13), (11,67), (35,48), (32,56), (10,42), (24,51), (5,6), (27,52), (16,17), (3,74), (5,76), (6,1), (36,38), (2,3), (9,69), (7,8), (22,32), (32,57), (33,58), (4,75), (21,47), (18,19), (36,37), (25,26), (34,59), (9,10), (15,43), (13,72), (23,50), (27,28),  time: 0.556 secs
k = 34 	 ENS = 832.00 : (22,23), (14,55), (16,21), (2,13), (11,67), (35,48), (32,56), (10,42), (24,51), (15,16), (5,6), (27,52), (16,17), (3,74), (5,76), (6,1), (36,38), (2,3), (9,69), (7,8), (22,32), (32,57), (33,58), (4,75), (21,47), (18,19), (36,37), (25,26), (34,59), (9,10), (15,43), (13,72), (23,50), (27,28),  time: 0.603 secs
k = 35 	 ENS = 820.13 : (22,23), (14,55), (16,21), (2,13), (11,67), (35,48), (32,56), (10,42), (24,51), (15,16), (5,6), (27,52), (16,17), (3,74), (5,76), (6,1), (36,38), (2,3), (9,69), (7,8), (22,32), (32,57), (33,58), (4,75), (21,47), (18,19), (36,37), (25,26), (34,59), (9,10), (15,43), (10,68), (13,72), (23,50), (27,28),  time: 0.647 secs
k = 36 	 ENS = 808.76 : (22,23), (14,55), (16,21), (2,13), (11,67), (35,48), (32,56), (10,42), (24,51), (15,16), (5,6), (27,52), (16,17), (3,74), (5,76), (6,1), (36,38), (2,3), (9,69), (18,41), (7,8), (22,32), (32,57), (33,58), (4,75), (21,47), (18,19), (36,37), (25,26), (34,59), (9,10), (15,43), (10,68), (13,72), (23,50), (27,28),  time: 0.692 secs
k = 37 	 ENS = 799.29 : (22,23), (14,55), (16,21), (2,13), (11,67), (35,48), (32,56), (10,42), (24,51), (15,16), (5,6), (27,52), (16,17), (3,74), (5,76), (6,1), (36,38), (2,3), (9,69), (18,41), (7,8), (22,32), (24,25), (32,57), (33,58), (4,75), (21,47), (18,19), (36,37), (25,26), (34,59), (9,10), (15,43), (10,68), (13,72), (23,50), (27,28),  time: 0.794 secs
k = 38 	 ENS = 791.31 : (22,23), (14,55), (16,21), (2,13), (11,67), (35,48), (32,56), (10,42), (24,51), (15,16), (5,6), (27,52), (16,17), (3,74), (5,76), (6,1), (36,38), (2,3), (9,69), (18,41), (7,8), (22,32), (24,25), (32,57), (33,58), (4,75), (21,47), (18,19), (36,37), (25,26), (34,59), (9,10), (3,4), (15,43), (10,68), (13,72), (23,50), (27,28),  time: 1.021 secs
k = 39 	 ENS = 783.55 : (22,23), (14,55), (16,21), (2,13), (11,67), (35,48), (32,56), (10,42), (24,51), (15,16), (5,6), (27,52), (16,17), (3,74), (19,40), (5,76), (6,1), (36,38), (2,3), (9,69), (18,41), (7,8), (22,32), (24,25), (19,20), (32,57), (33,58), (4,75), (21,47), (36,37), (25,26), (34,59), (9,10), (3,4), (15,43), (10,68), (13,72), (23,50), (27,28),  time: 1.611 secs
k = 40 	 ENS = 775.61 : (22,23), (14,55), (16,21), (34,35), (2,13), (11,67), (35,48), (32,56), (10,42), (24,51), (15,16), (5,6), (27,52), (16,17), (38,61), (3,74), (5,76), (6,1), (2,3), (9,69), (18,41), (7,8), (22,32), (24,25), (32,57), (33,58), (38,39), (4,75), (21,47), (18,19), (36,37), (25,26), (34,59), (9,10), (3,4), (15,43), (10,68), (13,72), (23,50), (27,28),  time: 1.608 secs
k = 41 	 ENS = 767.85 : (22,23), (14,55), (16,21), (34,35), (2,13), (11,67), (35,48), (32,56), (10,42), (24,51), (15,16), (5,6), (27,52), (16,17), (38,61), (3,74), (19,40), (5,76), (6,1), (2,3), (9,69), (18,41), (7,8), (22,32), (24,25), (19,20), (32,57), (33,58), (38,39), (4,75), (21,47), (36,37), (25,26), (34,59), (9,10), (3,4), (15,43), (10,68), (13,72), (23,50), (27,28),  time: 1.681 secs
k = 42 	 ENS = 760.53 : (22,23), (14,55), (16,21), (34,35), (7,9), (2,13), (11,67), (35,48), (32,56), (10,42), (24,51), (15,16), (5,6), (27,52), (16,17), (38,61), (3,74), (19,40), (5,76), (6,1), (2,3), (9,69), (18,41), (7,8), (22,32), (24,25), (19,20), (32,57), (33,58), (38,39), (4,75), (21,47), (36,37), (25,26), (34,59), (3,4), (15,43), (11,12), (10,68), (13,72), (23,50), (27,28),  time: 1.916 secs
k = 43 	 ENS = 753.39 : (22,23), (14,55), (16,21), (34,35), (30,31), (2,13), (11,67), (35,48), (32,56), (10,42), (24,51), (30,53), (15,16), (5,6), (27,52), (16,17), (38,61), (3,74), (19,40), (5,76), (6,1), (28,29), (2,3), (9,69), (18,41), (7,8), (22,32), (24,25), (19,20), (32,57), (33,58), (38,39), (4,75), (21,47), (36,37), (25,26), (34,59), (9,10), (3,4), (15,43), (10,68), (13,72), (23,50),  time: 1.905 secs
k = 44 	 ENS = 746.07 : (22,23), (14,55), (16,21), (34,35), (30,31), (7,9), (2,13), (11,67), (35,48), (32,56), (10,42), (24,51), (30,53), (15,16), (5,6), (27,52), (16,17), (38,61), (3,74), (19,40), (5,76), (6,1), (28,29), (2,3), (9,69), (18,41), (7,8), (22,32), (24,25), (19,20), (32,57), (33,58), (38,39), (4,75), (21,47), (36,37), (25,26), (34,59), (3,4), (15,43), (11,12), (10,68), (13,72), (23,50),  time: 1.663 secs
k = 45 	 ENS = 739.80 : (22,23), (14,55), (16,21), (34,35), (30,31), (17,44), (7,9), (2,13), (11,67), (35,48), (32,56), (10,42), (24,51), (30,53), (15,16), (5,6), (27,52), (16,17), (38,61), (3,74), (19,40), (5,76), (6,1), (28,29), (2,3), (9,69), (18,41), (7,8), (22,32), (24,25), (19,20), (32,57), (33,58), (38,39), (4,75), (21,47), (36,37), (25,26), (34,59), (3,4), (15,43), (11,12), (10,68), (13,72), (23,50),  time: 1.886 secs
k = 46 	 ENS = 733.64 : (22,23), (14,55), (16,21), (30,31), (17,44), (7,9), (2,13), (11,67), (35,48), (32,56), (10,42), (39,63), (24,51), (30,53), (15,16), (5,6), (27,52), (16,17), (38,61), (3,74), (19,40), (5,76), (6,1), (36,38), (28,29), (32,33), (2,3), (9,69), (18,41), (7,8), (22,32), (24,25), (19,20), (32,57), (33,58), (4,75), (21,47), (36,37), (25,26), (34,59), (3,4), (15,43), (11,12), (10,68), (13,72), (23,50),  time: 1.561 secs
k = 47 	 ENS = 728.54 : (22,23), (14,55), (16,21), (30,31), (17,44), (7,9), (2,13), (11,67), (35,48), (32,56), (10,42), (39,63), (24,51), (30,53), (15,16), (5,6), (27,52), (16,17), (38,61), (3,74), (19,40), (5,76), (6,1), (36,38), (25,27), (28,29), (32,33), (2,3), (9,69), (18,41), (7,8), (22,32), (24,25), (19,20), (32,57), (33,58), (4,75), (21,47), (36,37), (25,26), (34,59), (3,4), (15,43), (11,12), (10,68), (13,72), (23,50),  time: 1.961 secs
k = 48 	 ENS = 723.99 : (22,23), (14,55), (16,21), (30,31), (17,44), (7,9), (2,13), (11,67), (35,48), (32,56), (10,42), (39,63), (24,51), (30,53), (15,16), (5,6), (27,52), (16,17), (38,61), (3,74), (19,40), (5,76), (6,1), (36,38), (25,27), (28,29), (32,33), (2,3), (9,69), (18,41), (7,8), (22,32), (24,25), (19,20), (32,57), (33,58), (4,75), (39,62), (21,47), (36,37), (25,26), (34,59), (3,4), (15,43), (11,12), (10,68), (13,72), (23,50),  time: 1.875 secs
k = 49 	 ENS = 719.70 : (22,23), (14,55), (16,21), (30,31), (17,44), (7,9), (2,13), (11,67), (35,48), (32,56), (10,42), (39,63), (24,51), (30,53), (15,16), (5,6), (27,52), (16,17), (38,61), (3,74), (19,40), (5,76), (6,1), (36,38), (25,27), (28,29), (32,33), (2,3), (8,64), (9,69), (18,41), (7,8), (22,32), (24,25), (19,20), (32,57), (33,58), (4,75), (39,62), (21,47), (36,37), (25,26), (34,59), (3,4), (15,43), (11,12), (10,68), (13,72), (23,50),  time: 1.855 secs
k = 50 	 ENS = 715.50 : (22,23), (14,55), (16,21), (30,31), (17,44), (7,9), (2,13), (11,67), (35,48), (32,56), (10,42), (39,63), (24,51), (30,53), (15,16), (5,6), (27,52), (16,17), (38,61), (3,74), (19,40), (5,76), (6,1), (36,38), (25,27), (28,29), (32,33), (2,3), (8,64), (9,69), (18,41), (7,8), (22,32), (24,25), (19,20), (32,57), (33,58), (4,75), (39,62), (21,47), (36,37), (25,26), (34,59), (9,10), (3,4), (15,43), (11,12), (10,68), (13,72), (23,50),  time: 2.048 secs
k = 51 	 ENS = 712.01 : (22,23), (14,55), (16,21), (34,35), (30,31), (17,44), (7,9), (2,13), (11,67), (35,48), (32,56), (10,42), (39,63), (24,51), (30,53), (15,16), (5,6), (27,52), (16,17), (38,61), (3,74), (19,40), (5,76), (6,1), (36,38), (25,27), (28,29), (32,33), (2,3), (8,64), (9,69), (18,41), (7,8), (22,32), (24,25), (19,20), (32,57), (33,58), (4,75), (39,62), (21,47), (36,37), (25,26), (34,59), (9,10), (3,4), (15,43), (11,12), (10,68), (13,72), (23,50),  time: 2.722 secs
k = 52 	 ENS = 708.75 : (31,66), (22,23), (31,65), (14,55), (16,21), (34,35), (17,44), (7,9), (2,13), (11,67), (35,48), (32,56), (10,42), (39,63), (24,51), (30,53), (15,16), (5,6), (27,52), (16,17), (38,61), (3,74), (19,40), (5,76), (6,1), (36,38), (25,27), (28,29), (32,33), (2,3), (8,64), (9,69), (18,41), (7,8), (22,32), (24,25), (19,20), (32,57), (33,58), (4,75), (39,62), (21,47), (36,37), (25,26), (34,59), (9,10), (3,4), (15,43), (11,12), (10,68), (13,72), (23,50),  time: 2.691 secs
k = 53 	 ENS = 705.75 : (31,66), (22,23), (31,65), (14,55), (16,21), (34,35), (17,44), (7,9), (2,13), (11,67), (35,48), (32,56), (10,42), (39,63), (24,51), (30,53), (15,16), (5,6), (27,52), (16,17), (20,46), (38,61), (3,74), (19,40), (5,76), (6,1), (36,38), (25,27), (28,29), (32,33), (2,3), (8,64), (9,69), (18,41), (7,8), (22,32), (24,25), (19,20), (32,57), (33,58), (4,75), (39,62), (21,47), (36,37), (25,26), (34,59), (9,10), (3,4), (15,43), (11,12), (10,68), (13,72), (23,50),  time: 2.809 secs
k = 54 	 ENS = 702.61 : (31,66), (22,23), (31,65), (14,55), (16,21), (34,35), (17,44), (7,9), (2,13), (11,67), (35,48), (32,56), (10,42), (39,63), (20,45), (24,51), (30,53), (15,16), (5,6), (27,52), (16,17), (20,46), (38,61), (3,74), (19,40), (5,76), (6,1), (36,38), (25,27), (28,29), (32,33), (2,3), (8,64), (9,69), (18,41), (7,8), (22,32), (24,25), (32,57), (33,58), (4,75), (39,62), (21,47), (18,19), (36,37), (25,26), (34,59), (9,10), (3,4), (15,43), (11,12), (10,68), (13,72), (23,50),  time: 3.242 secs
k = 55 	 ENS = 699.91 : (31,66), (22,23), (31,65), (14,55), (16,21), (34,35), (17,44), (7,9), (2,13), (11,67), (35,48), (32,56), (10,42), (39,63), (20,45), (24,51), (30,53), (15,16), (5,6), (27,52), (16,17), (20,46), (38,61), (3,74), (19,40), (5,76), (6,1), (36,38), (26,71), (25,27), (28,29), (32,33), (2,3), (8,64), (9,69), (18,41), (7,8), (22,32), (24,25), (32,57), (33,58), (4,75), (39,62), (21,47), (18,19), (36,37), (25,26), (34,59), (9,10), (3,4), (15,43), (11,12), (10,68), (13,72), (23,50),  time: 2.202 secs
k = 56 	 ENS = 697.24 : (31,66), (22,23), (31,65), (14,55), (16,21), (34,35), (17,44), (7,9), (2,13), (11,67), (35,48), (32,56), (10,42), (39,63), (20,45), (24,51), (30,53), (15,16), (5,6), (27,52), (16,17), (20,46), (38,61), (3,74), (19,40), (5,76), (6,1), (36,38), (26,71), (25,27), (28,29), (8,54), (32,33), (2,3), (8,64), (9,69), (18,41), (7,8), (22,32), (24,25), (32,57), (33,58), (4,75), (39,62), (21,47), (18,19), (36,37), (25,26), (34,59), (9,10), (3,4), (15,43), (11,12), (10,68), (13,72), (23,50),  time: 1.864 secs
k = 57 	 ENS = 694.60 : (31,66), (22,23), (31,65), (14,55), (16,21), (34,35), (17,44), (7,9), (2,13), (11,67), (35,48), (32,56), (10,42), (39,63), (20,45), (24,51), (30,53), (15,16), (5,6), (27,52), (16,17), (20,46), (38,61), (3,74), (19,40), (5,76), (6,1), (36,38), (26,71), (25,27), (28,29), (8,54), (32,33), (2,3), (8,64), (9,69), (18,41), (7,8), (22,32), (24,25), (32,57), (33,58), (4,75), (39,62), (21,47), (18,19), (36,37), (25,26), (34,59), (9,10), (3,4), (15,43), (11,12), (10,68), (13,72), (23,50), (27,28),  time: 1.272 secs
k = 58 	 ENS = 692.24 : (31,66), (22,23), (31,65), (14,55), (16,21), (34,35), (17,44), (7,9), (2,13), (11,67), (35,48), (32,56), (10,42), (39,63), (20,45), (24,51), (30,53), (15,16), (5,6), (27,52), (37,49), (16,17), (20,46), (38,61), (3,74), (19,40), (5,76), (6,1), (36,38), (26,71), (25,27), (28,29), (8,54), (32,33), (2,3), (8,64), (9,69), (18,41), (7,8), (22,32), (24,25), (32,57), (33,58), (4,75), (39,62), (21,47), (18,19), (36,37), (25,26), (34,59), (9,10), (3,4), (15,43), (11,12), (10,68), (13,72), (23,50), (27,28),  time: 1.080 secs
k = 59 	 ENS = 690.15 : (31,66), (22,23), (31,65), (14,55), (16,21), (34,35), (17,44), (7,9), (2,13), (11,67), (35,48), (32,56), (10,42), (39,63), (20,45), (24,51), (30,53), (15,16), (5,6), (27,52), (37,49), (16,17), (20,46), (38,61), (3,74), (19,40), (5,76), (6,1), (36,38), (26,71), (25,27), (28,29), (8,54), (32,33), (2,3), (8,64), (9,69), (18,41), (7,8), (22,32), (37,60), (24,25), (32,57), (33,58), (4,75), (39,62), (21,47), (18,19), (36,37), (25,26), (34,59), (9,10), (3,4), (15,43), (11,12), (10,68), (13,72), (23,50), (27,28),  time: 0.963 secs
k = 60 	 ENS = 688.09 : (31,66), (22,23), (31,65), (14,55), (16,21), (34,35), (17,44), (7,9), (2,13), (11,67), (35,48), (32,56), (10,42), (39,63), (20,45), (24,51), (30,53), (15,16), (5,6), (27,52), (37,49), (16,17), (20,46), (38,61), (3,74), (19,40), (5,76), (6,1), (36,38), (26,71), (25,27), (28,29), (8,54), (32,33), (2,3), (8,64), (9,69), (18,41), (7,8), (22,32), (37,60), (24,25), (32,57), (33,58), (4,75), (39,62), (21,47), (18,19), (36,37), (25,26), (34,59), (9,10), (26,70), (3,4), (15,43), (11,12), (10,68), (13,72), (23,50), (27,28),  time: 0.810 secs
k = 61 	 ENS = 686.05 : (31,66), (22,23), (31,65), (14,55), (16,21), (34,35), (17,44), (7,9), (2,13), (11,67), (35,48), (32,56), (10,42), (39,63), (20,45), (24,51), (30,53), (15,16), (5,6), (27,52), (37,49), (16,17), (20,46), (38,61), (4,5), (3,74), (19,40), (5,76), (6,1), (36,38), (26,71), (25,27), (28,29), (8,54), (32,33), (2,3), (8,64), (9,69), (18,41), (7,8), (22,32), (37,60), (24,25), (32,57), (33,58), (4,75), (39,62), (21,47), (18,19), (36,37), (25,26), (34,59), (9,10), (26,70), (3,4), (15,43), (11,12), (10,68), (13,72), (23,50), (27,28),  time: 0.500 secs
k = 62 	 ENS = 684.64 : (31,66), (22,23), (31,65), (14,55), (16,21), (34,35), (17,44), (7,9), (2,13), (11,67), (35,48), (32,56), (10,42), (39,63), (20,45), (24,51), (30,53), (15,16), (5,6), (27,52), (37,49), (16,17), (20,46), (38,61), (4,5), (3,74), (19,40), (5,76), (6,1), (36,38), (26,71), (25,27), (28,29), (8,54), (32,33), (2,3), (8,64), (9,69), (18,41), (7,8), (22,32), (37,60), (24,25), (32,57), (33,58), (4,75), (39,62), (21,47), (18,19), (36,37), (25,26), (34,59), (9,10), (26,70), (3,4), (15,43), (11,12), (10,68), (13,72), (23,50), (21,22), (27,28),  time: 0.368 secs
k = 63 	 ENS = 683.41 : (31,66), (22,23), (31,65), (14,55), (16,21), (34,35), (17,44), (7,9), (2,13), (11,67), (35,48), (32,56), (10,42), (39,63), (20,45), (24,51), (30,53), (15,16), (5,6), (27,52), (37,49), (16,17), (20,46), (38,61), (4,5), (3,74), (19,40), (5,76), (6,1), (36,38), (26,71), (25,27), (28,29), (8,54), (32,33), (2,3), (8,64), (9,69), (18,41), (7,8), (22,32), (37,60), (24,25), (32,57), (33,58), (4,75), (39,62), (21,47), (23,24), (18,19), (36,37), (25,26), (34,59), (9,10), (26,70), (3,4), (15,43), (11,12), (10,68), (13,72), (23,50), (21,22), (27,28),  time: 0.251 secs
k = 64 	 ENS = 682.22 : (31,66), (22,23), (31,65), (14,55), (16,21), (34,35), (17,44), (7,9), (2,13), (11,67), (35,48), (32,56), (10,42), (39,63), (20,45), (24,51), (30,53), (15,16), (5,6), (27,52), (37,49), (16,17), (20,46), (38,61), (4,5), (3,74), (19,40), (5,76), (6,1), (36,38), (26,71), (25,27), (28,29), (8,54), (32,33), (2,3), (8,64), (9,69), (18,41), (7,8), (22,32), (37,60), (24,25), (32,57), (33,58), (4,75), (39,62), (21,47), (23,24), (18,19), (36,37), (25,26), (34,59), (9,10), (26,70), (17,18), (3,4), (15,43), (11,12), (10,68), (13,72), (23,50), (21,22), (27,28),  time: 0.192 secs
k = 65 	 ENS = 681.05 : (31,66), (22,23), (31,65), (14,55), (16,21), (34,35), (17,44), (7,9), (2,13), (11,67), (35,48), (32,56), (10,42), (39,63), (20,45), (24,51), (30,53), (15,16), (5,6), (27,52), (37,49), (16,17), (20,46), (38,61), (4,5), (3,74), (19,40), (5,76), (6,1), (36,38), (26,71), (25,27), (28,29), (8,54), (32,33), (2,3), (8,64), (9,69), (18,41), (7,8), (22,32), (37,60), (24,25), (13,14), (32,57), (33,58), (4,75), (39,62), (21,47), (23,24), (18,19), (36,37), (25,26), (34,59), (9,10), (26,70), (17,18), (3,4), (15,43), (11,12), (10,68), (13,72), (23,50), (21,22), (27,28),  time: 0.102 secs
k = 66 	 ENS = 680.05 : (31,66), (22,23), (31,65), (14,55), (16,21), (34,35), (30,31), (17,44), (7,9), (2,13), (11,67), (35,48), (32,56), (10,42), (39,63), (20,45), (24,51), (30,53), (15,16), (5,6), (27,52), (37,49), (16,17), (20,46), (38,61), (4,5), (3,74), (19,40), (5,76), (6,1), (36,38), (26,71), (25,27), (28,29), (8,54), (32,33), (2,3), (8,64), (9,69), (18,41), (7,8), (22,32), (37,60), (24,25), (13,14), (32,57), (33,58), (4,75), (39,62), (21,47), (23,24), (18,19), (36,37), (25,26), (34,59), (9,10), (26,70), (17,18), (3,4), (15,43), (11,12), (10,68), (13,72), (23,50), (21,22), (27,28),  time: 0.029 secs
k = 67 	 ENS = 679.20 : (31,66), (22,23), (31,65), (14,55), (16,21), (34,35), (30,31), (17,44), (7,9), (2,13), (11,67), (35,48), (32,56), (10,42), (39,63), (20,45), (24,51), (30,53), (15,16), (5,6), (27,52), (37,49), (16,17), (20,46), (38,61), (4,5), (3,74), (19,40), (5,76), (6,1), (36,38), (26,71), (25,27), (28,29), (8,54), (32,33), (2,3), (8,64), (9,69), (18,41), (7,8), (22,32), (37,60), (24,25), (13,14), (32,57), (33,58), (6,7), (4,75), (39,62), (21,47), (23,24), (18,19), (36,37), (25,26), (34,59), (9,10), (26,70), (17,18), (3,4), (15,43), (11,12), (10,68), (13,72), (23,50), (21,22), (27,28),  time: 0.023 secs
k = 68 	 ENS = 678.52 : (31,66), (22,23), (31,65), (14,55), (16,21), (34,35), (30,31), (17,44), (7,9), (2,13), (11,67), (35,48), (32,56), (10,42), (39,63), (20,45), (24,51), (30,53), (15,16), (5,6), (27,52), (35,36), (37,49), (16,17), (20,46), (38,61), (4,5), (3,74), (19,40), (5,76), (6,1), (36,38), (26,71), (25,27), (28,29), (8,54), (32,33), (2,3), (8,64), (9,69), (18,41), (7,8), (22,32), (37,60), (24,25), (13,14), (32,57), (33,58), (6,7), (4,75), (39,62), (21,47), (23,24), (18,19), (36,37), (25,26), (34,59), (9,10), (26,70), (17,18), (3,4), (15,43), (11,12), (10,68), (13,72), (23,50), (21,22), (27,28),  time: 0.015 secs
k = 69 	 ENS = 677.86 : (31,66), (22,23), (31,65), (14,55), (16,21), (34,35), (30,31), (17,44), (7,9), (2,13), (11,67), (35,48), (32,56), (10,42), (39,63), (20,45), (24,51), (30,53), (15,16), (5,6), (27,52), (35,36), (37,49), (16,17), (20,46), (38,61), (4,5), (3,74), (10,11), (19,40), (5,76), (6,1), (36,38), (26,71), (25,27), (28,29), (8,54), (32,33), (2,3), (8,64), (9,69), (18,41), (7,8), (22,32), (37,60), (24,25), (13,14), (32,57), (33,58), (6,7), (4,75), (39,62), (21,47), (23,24), (18,19), (36,37), (25,26), (34,59), (9,10), (26,70), (17,18), (3,4), (15,43), (11,12), (10,68), (13,72), (23,50), (21,22), (27,28),  time: 0.007 secs
k = 70 	 ENS = 677.22 : (31,66), (22,23), (31,65), (14,55), (16,21), (34,35), (30,31), (17,44), (7,9), (2,13), (11,67), (35,48), (32,56), (10,42), (39,63), (20,45), (24,51), (30,53), (15,16), (5,6), (27,52), (35,36), (37,49), (16,17), (20,46), (38,61), (4,5), (3,74), (10,11), (19,40), (5,76), (6,1), (36,38), (26,71), (25,27), (28,29), (8,54), (32,33), (2,3), (8,64), (9,69), (18,41), (7,8), (22,32), (37,60), (24,25), (19,20), (13,14), (32,57), (33,58), (6,7), (4,75), (39,62), (21,47), (23,24), (18,19), (36,37), (25,26), (34,59), (9,10), (26,70), (17,18), (3,4), (15,43), (11,12), (10,68), (13,72), (23,50), (21,22), (27,28),  time: 0.004 secs
k = 71 	 ENS = 676.75 : (31,66), (22,23), (31,65), (14,55), (16,21), (34,35), (30,31), (17,44), (7,9), (2,13), (11,67), (35,48), (32,56), (10,42), (39,63), (20,45), (24,51), (30,53), (15,16), (5,6), (27,52), (35,36), (37,49), (16,17), (20,46), (38,61), (4,5), (3,74), (10,11), (19,40), (5,76), (6,1), (36,38), (26,71), (25,27), (28,29), (8,54), (32,33), (2,3), (8,64), (9,69), (18,41), (7,8), (22,32), (37,60), (24,25), (19,20), (13,14), (32,57), (33,58), (6,7), (38,39), (4,75), (39,62), (21,47), (23,24), (18,19), (36,37), (25,26), (34,59), (9,10), (26,70), (17,18), (3,4), (15,43), (11,12), (10,68), (13,72), (23,50), (21,22), (27,28),  time: 0.004 secs
k = 72 	 ENS = 676.31 : (31,66), (22,23), (31,65), (14,55), (16,21), (34,35), (30,31), (17,44), (7,9), (2,13), (11,67), (35,48), (32,56), (10,42), (39,63), (20,45), (24,51), (30,53), (15,16), (5,6), (27,52), (35,36), (37,49), (16,17), (20,46), (38,61), (4,5), (3,74), (10,11), (19,40), (5,76), (6,1), (36,38), (26,71), (25,27), (28,29), (8,54), (32,33), (2,3), (8,64), (9,69), (18,41), (7,8), (22,32), (37,60), (33,34), (24,25), (19,20), (13,14), (32,57), (33,58), (6,7), (38,39), (4,75), (39,62), (21,47), (23,24), (18,19), (36,37), (25,26), (34,59), (9,10), (26,70), (17,18), (3,4), (15,43), (11,12), (10,68), (13,72), (23,50), (21,22), (27,28),  time: 0.001 secs
k = 73 	 ENS = 675.89 : (31,66), (22,23), (31,65), (14,55), (16,21), (34,35), (30,31), (17,44), (7,9), (2,13), (11,67), (35,48), (32,56), (10,42), (39,63), (20,45), (24,51), (30,53), (15,16), (5,6), (27,52), (35,36), (37,49), (16,17), (20,46), (38,61), (4,5), (3,74), (10,11), (19,40), (5,76), (6,1), (36,38), (26,71), (25,27), (28,29), (8,54), (32,33), (2,3), (8,64), (9,69), (18,41), (7,8), (22,32), (37,60), (33,34), (24,25), (19,20), (13,14), (32,57), (33,58), (6,7), (14,15), (38,39), (4,75), (39,62), (21,47), (23,24), (18,19), (36,37), (25,26), (34,59), (9,10), (26,70), (17,18), (3,4), (15,43), (11,12), (10,68), (13,72), (23,50), (21,22), (27,28),  time: 0.001 secs
k = 74 	 ENS = 675.89 : (31,66), (22,23), (31,65), (14,55), (16,21), (34,35), (30,31), (17,44), (7,9), (2,13), (11,67), (35,48), (32,56), (10,42), (39,63), (20,45), (24,51), (30,53), (15,16), (5,6), (27,52), (35,36), (37,49), (16,17), (20,46), (38,61), (4,5), (3,74), (10,11), (19,40), (5,76), (6,1), (36,38), (26,71), (25,27), (28,29), (8,54), (32,33), (2,3), (8,64), (9,69), (18,41), (7,8), (22,32), (37,60), (33,34), (24,25), (19,20), (13,14), (32,57), (33,58), (6,7), (14,15), (38,39), (4,75), (39,62), (21,47), (23,24), (18,19), (36,37), (25,26), (34,59), (9,10), (26,70), (17,18), (3,4), (15,43), (11,12), (10,68), (28,30), (13,72), (23,50), (21,22), (27,28),  time: 0.000 secs
k = 75 	 ENS = 675.89 : (31,66), (22,23), (12,73), (31,65), (14,55), (16,21), (34,35), (30,31), (17,44), (7,9), (2,13), (11,67), (35,48), (32,56), (10,42), (39,63), (20,45), (24,51), (30,53), (15,16), (5,6), (27,52), (35,36), (37,49), (16,17), (20,46), (38,61), (4,5), (3,74), (10,11), (19,40), (5,76), (6,1), (36,38), (26,71), (25,27), (28,29), (8,54), (32,33), (2,3), (8,64), (9,69), (18,41), (7,8), (22,32), (37,60), (33,34), (24,25), (19,20), (13,14), (32,57), (33,58), (6,7), (14,15), (38,39), (4,75), (39,62), (21,47), (23,24), (18,19), (36,37), (25,26), (34,59), (9,10), (26,70), (17,18), (3,4), (15,43), (11,12), (10,68), (28,30), (13,72), (23,50), (21,22), (27,28),  time: 0.000 secs
k = 76 	 ENS = 675.89 : (31,66), (22,23), (12,73), (31,65), (14,55), (16,21), (34,35), (30,31), (17,44), (7,9), (2,13), (11,67), (35,48), (32,56), (10,42), (39,63), (20,45), (24,51), (30,53), (15,16), (5,6), (27,52), (35,36), (37,49), (16,17), (20,46), (38,61), (4,5), (3,74), (10,11), (19,40), (5,76), (6,1), (36,38), (26,71), (25,27), (28,29), (8,54), (32,33), (2,3), (8,64), (9,69), (18,41), (7,8), (22,32), (37,60), (33,34), (77,2), (24,25), (19,20), (13,14), (32,57), (33,58), (6,7), (14,15), (38,39), (4,75), (39,62), (21,47), (23,24), (18,19), (36,37), (25,26), (34,59), (9,10), (26,70), (17,18), (3,4), (15,43), (11,12), (10,68), (28,30), (13,72), (23,50), (21,22), (27,28),  time: 0.000 secs
k = 77 	 ENS = 675.89 : (31,66), (22,23), (12,73), (31,65), (14,55), (16,21), (34,35), (30,31), (17,44), (7,9), (2,13), (11,67), (35,48), (32,56), (10,42), (39,63), (20,45), (24,51), (30,53), (15,16), (5,6), (27,52), (35,36), (37,49), (16,17), (20,46), (38,61), (4,5), (3,74), (10,11), (19,40), (5,76), (6,1), (36,38), (26,71), (25,27), (28,29), (8,54), (32,33), (2,3), (8,64), (9,69), (18,41), (7,8), (22,32), (37,60), (33,34), (77,2), (24,25), (19,20), (13,14), (32,57), (33,58), (6,7), (14,15), (38,39), (4,75), (39,62), (21,47), (23,24), (18,19), (36,37), (25,26), (34,59), (9,10), (26,70), (17,18), (3,4), (15,43), (11,12), (10,68), (28,30), (13,72), (23,50), (21,22), (27,28),  time: 0.000 secs
Total time: 106.147 secs