k = 0 	 ENS = 11135.23 :  time: 0.000 secs
k = 1 	 ENS = 7298.66 : (7,8),  time: 0.001 secs
k = 2 	 ENS = 5559.70 : (7,8), (6,26),  time: 0.003 secs
k = 3 	 ENS = 4260.74 : (7,8), (6,26), (2,19),  time: 0.003 secs
k = 4 	 ENS = 3391.76 : (3,23), (7,8), (6,26), (2,19),  time: 0.003 secs
k = 5 	 ENS = 3031.78 : (3,23), (3,4), (7,8), (6,26), (2,19),  time: 0.004 secs
k = 6 	 ENS = 2715.24 : (3,23), (3,4), (7,8), (6,26), (12,13), (2,19),  time: 0.006 secs
k = 7 	 ENS = 2601.77 : (3,23), (30,31), (3,4), (7,8), (6,26), (12,13), (2,19),  time: 0.013 secs
k = 8 	 ENS = 2505.75 : (3,23), (30,31), (9,10), (3,4), (7,8), (6,26), (2,19), (14,15),  time: 0.020 secs
k = 9 	 ENS = 2436.24 : (3,23), (30,31), (15,16), (3,4), (7,8), (6,26), (8,9), (12,13), (2,19),  time: 0.033 secs
k = 10 	 ENS = 2372.86 : (3,23), (30,31), (15,16), (24,25), (3,4), (7,8), (6,26), (8,9), (12,13), (2,19),  time: 0.040 secs
k = 11 	 ENS = 2333.40 : (3,23), (27,28), (30,31), (15,16), (24,25), (3,4), (7,8), (6,26), (8,9), (12,13), (2,19),  time: 0.091 secs
k = 12 	 ENS = 2300.69 : (3,23), (27,28), (30,31), (15,16), (24,25), (3,4), (7,8), (6,26), (8,9), (12,13), (2,19), (19,20),  time: 0.166 secs
k = 13 	 ENS = 2269.21 : (3,23), (27,28), (30,31), (2,3), (15,16), (24,25), (3,4), (7,8), (6,26), (8,9), (12,13), (2,19), (19,20),  time: 0.136 secs
k = 14 	 ENS = 2238.98 : (3,23), (27,28), (30,31), (2,3), (6,7), (15,16), (24,25), (3,4), (7,8), (6,26), (8,9), (12,13), (2,19), (19,20),  time: 0.167 secs
k = 15 	 ENS = 2213.58 : (3,23), (27,28), (30,31), (2,3), (6,7), (24,25), (3,4), (7,8), (16,17), (6,26), (8,9), (12,13), (2,19), (19,20), (14,15),  time: 0.189 secs
k = 16 	 ENS = 2193.14 : (3,23), (27,28), (30,31), (2,3), (6,7), (5,6), (24,25), (3,4), (7,8), (16,17), (6,26), (8,9), (12,13), (2,19), (19,20), (14,15),  time: 0.183 secs
k = 17 	 ENS = 2175.45 : (3,23), (27,28), (30,31), (2,3), (6,7), (21,22), (5,6), (24,25), (3,4), (7,8), (16,17), (6,26), (8,9), (12,13), (2,19), (19,20), (14,15),  time: 0.198 secs
k = 18 	 ENS = 2158.37 : (3,23), (27,28), (30,31), (2,3), (6,7), (21,22), (5,6), (24,25), (32,33), (3,4), (7,8), (16,17), (6,26), (8,9), (12,13), (2,19), (19,20), (14,15),  time: 0.205 secs
k = 19 	 ENS = 2144.88 : (3,23), (27,28), (30,31), (2,3), (6,7), (21,22), (5,6), (24,25), (9,10), (32,33), (3,4), (7,8), (16,17), (6,26), (8,9), (12,13), (2,19), (19,20), (14,15),  time: 0.190 secs
k = 20 	 ENS = 2132.20 : (3,23), (27,28), (30,31), (29,30), (2,3), (6,7), (21,22), (5,6), (24,25), (9,10), (32,33), (3,4), (7,8), (16,17), (6,26), (8,9), (12,13), (2,19), (19,20), (14,15),  time: 0.189 secs
k = 21 	 ENS = 2121.00 : (3,23), (27,28), (30,31), (29,30), (2,3), (6,7), (21,22), (5,6), (24,25), (9,10), (32,33), (3,4), (7,8), (16,17), (23,24), (6,26), (8,9), (12,13), (2,19), (19,20), (14,15),  time: 0.056 secs
k = 22 	 ENS = 2114.28 : (3,23), (27,28), (28,29), (30,31), (29,30), (2,3), (6,7), (21,22), (5,6), (24,25), (9,10), (32,33), (3,4), (7,8), (16,17), (23,24), (6,26), (8,9), (12,13), (2,19), (19,20), (14,15),  time: 0.087 secs
k = 23 	 ENS = 2107.78 : (3,23), (27,28), (28,29), (30,31), (29,30), (31,32), (2,3), (6,7), (21,22), (5,6), (24,25), (9,10), (32,33), (3,4), (7,8), (16,17), (23,24), (6,26), (8,9), (12,13), (2,19), (19,20), (14,15),  time: 0.077 secs
k = 24 	 ENS = 2101.43 : (3,23), (27,28), (4,5), (28,29), (30,31), (29,30), (31,32), (2,3), (6,7), (21,22), (5,6), (24,25), (9,10), (32,33), (3,4), (7,8), (16,17), (23,24), (6,26), (8,9), (12,13), (2,19), (19,20), (14,15),  time: 0.042 secs
k = 25 	 ENS = 2095.18 : (3,23), (27,28), (4,5), (28,29), (30,31), (29,30), (31,32), (2,3), (6,7), (15,16), (21,22), (5,6), (24,25), (9,10), (32,33), (3,4), (7,8), (16,17), (23,24), (6,26), (8,9), (12,13), (2,19), (19,20), (14,15),  time: 0.017 secs
k = 26 	 ENS = 2089.06 : (3,23), (27,28), (4,5), (28,29), (30,31), (29,30), (31,32), (2,3), (6,7), (15,16), (21,22), (5,6), (17,18), (24,25), (9,10), (32,33), (3,4), (7,8), (16,17), (23,24), (6,26), (8,9), (12,13), (2,19), (19,20), (14,15),  time: 0.011 secs
k = 27 	 ENS = 2083.60 : (3,23), (27,28), (4,5), (28,29), (30,31), (29,30), (31,32), (2,3), (6,7), (15,16), (21,22), (5,6), (17,18), (24,25), (9,10), (32,33), (3,4), (7,8), (16,17), (23,24), (6,26), (8,9), (12,13), (11,12), (2,19), (19,20), (14,15),  time: 0.007 secs
k = 28 	 ENS = 2078.49 : (3,23), (27,28), (4,5), (28,29), (30,31), (29,30), (31,32), (2,3), (6,7), (15,16), (21,22), (5,6), (17,18), (24,25), (9,10), (32,33), (3,4), (7,8), (16,17), (23,24), (6,26), (8,9), (12,13), (11,12), (2,19), (19,20), (20,21), (14,15),  time: 0.004 secs
k = 29 	 ENS = 2073.98 : (3,23), (13,14), (27,28), (4,5), (28,29), (30,31), (29,30), (31,32), (2,3), (6,7), (15,16), (21,22), (5,6), (17,18), (24,25), (9,10), (32,33), (3,4), (7,8), (16,17), (23,24), (6,26), (8,9), (12,13), (11,12), (2,19), (19,20), (20,21), (14,15),  time: 0.002 secs
k = 30 	 ENS = 2071.62 : (3,23), (13,14), (27,28), (4,5), (28,29), (30,31), (29,30), (31,32), (2,3), (6,7), (15,16), (21,22), (5,6), (17,18), (24,25), (9,10), (32,33), (3,4), (7,8), (26,27), (16,17), (23,24), (6,26), (8,9), (12,13), (11,12), (2,19), (19,20), (20,21), (14,15),  time: 0.001 secs
k = 31 	 ENS = 2069.97 : (3,23), (13,14), (27,28), (4,5), (28,29), (30,31), (29,30), (31,32), (2,3), (6,7), (10,11), (15,16), (21,22), (5,6), (17,18), (24,25), (9,10), (32,33), (3,4), (7,8), (26,27), (16,17), (23,24), (6,26), (8,9), (12,13), (11,12), (2,19), (19,20), (20,21), (14,15),  time: 0.000 secs
k = 32 	 ENS = 2069.97 : (3,23), (13,14), (27,28), (4,5), (1,2), (28,29), (30,31), (29,30), (31,32), (2,3), (6,7), (10,11), (15,16), (21,22), (5,6), (17,18), (24,25), (9,10), (32,33), (3,4), (7,8), (26,27), (16,17), (23,24), (6,26), (8,9), (12,13), (11,12), (2,19), (19,20), (20,21), (14,15),  time: 0.000 secs
k = 33 	 ENS = 2069.97 : (3,23), (13,14), (27,28), (4,5), (1,2), (28,29), (30,31), (29,30), (31,32), (2,3), (6,7), (10,11), (15,16), (21,22), (5,6), (17,18), (24,25), (9,10), (32,33), (3,4), (7,8), (26,27), (16,17), (23,24), (6,26), (8,9), (12,13), (11,12), (2,19), (19,20), (20,21), (14,15),  time: 0.000 secs
Total time: 4.287 secs