k = 0 	 ENS = 4242.33 :  time: 0.000 secs
k = 1 	 ENS = 3688.71 : (45,46),  time: 0.002 secs
k = 2 	 ENS = 3353.53 : (30,31), (45,46),  time: 0.001 secs
k = 3 	 ENS = 3130.15 : (30,31), (45,46), (90,91),  time: 0.002 secs
k = 4 	 ENS = 2990.25 : (30,31), (45,46), (17,18), (90,91),  time: 0.003 secs
k = 5 	 ENS = 2898.94 : (30,31), (46,47), (42,43), (17,18), (90,91),  time: 0.007 secs
k = 6 	 ENS = 2844.17 : (30,31), (46,47), (63,64), (42,43), (17,18), (90,91),  time: 0.008 secs
k = 7 	 ENS = 2802.85 : (30,31), (46,47), (63,64), (42,43), (69,70), (17,18), (90,91),  time: 0.011 secs
k = 8 	 ENS = 2763.33 : (30,31), (46,47), (92,93), (63,64), (42,43), (69,70), (17,18), (90,91),  time: 0.011 secs
k = 9 	 ENS = 2725.95 : (30,31), (46,47), (92,93), (63,64), (42,43), (69,70), (17,18), (90,91), (39,40),  time: 0.014 secs
k = 10 	 ENS = 2691.75 : (30,31), (46,47), (92,93), (63,64), (42,43), (69,70), (17,18), (90,91), (32,34), (39,40),  time: 0.012 secs
k = 11 	 ENS = 2658.92 : (30,31), (46,47), (18,20), (92,93), (63,64), (42,43), (69,70), (17,18), (90,91), (32,34), (39,40),  time: 0.014 secs
k = 12 	 ENS = 2631.77 : (30,31), (46,47), (18,20), (92,93), (63,64), (42,43), (56,57), (69,70), (17,18), (90,91), (32,34), (39,40),  time: 0.017 secs
k = 13 	 ENS = 2605.87 : (15,16), (30,31), (46,47), (18,20), (92,93), (63,64), (42,43), (56,57), (69,70), (17,18), (90,91), (32,34), (39,40),  time: 0.021 secs
k = 14 	 ENS = 2584.01 : (15,16), (30,31), (46,47), (18,20), (92,93), (63,64), (42,43), (56,57), (69,70), (17,18), (90,91), (28,29), (32,34), (39,40),  time: 0.034 secs
k = 15 	 ENS = 2562.16 : (15,16), (30,31), (46,47), (18,20), (92,93), (63,64), (23,25), (42,43), (56,57), (69,70), (17,18), (90,91), (28,29), (32,34), (39,40),  time: 0.045 secs
k = 16 	 ENS = 2540.50 : (15,16), (30,31), (46,47), (18,19), (18,20), (92,93), (63,64), (23,25), (42,43), (56,57), (69,70), (90,91), (18,21), (28,29), (32,34), (39,40),  time: 0.045 secs
k = 17 	 ENS = 2522.22 : (15,16), (30,31), (46,47), (18,19), (18,20), (92,93), (63,64), (23,25), (42,43), (56,57), (69,70), (90,91), (18,21), (28,29), (65,66), (32,34), (39,40),  time: 0.067 secs
k = 18 	 ENS = 2504.72 : (15,16), (30,31), (46,47), (18,19), (18,20), (92,93), (63,64), (23,25), (42,43), (56,57), (69,70), (32,33), (90,91), (18,21), (28,29), (65,66), (32,34), (39,40),  time: 0.075 secs
k = 19 	 ENS = 2489.07 : (15,16), (30,31), (46,47), (18,19), (18,20), (92,93), (63,64), (23,25), (42,43), (56,57), (69,70), (32,33), (49,50), (90,91), (18,21), (28,29), (65,66), (32,34), (39,40),  time: 0.080 secs
k = 20 	 ENS = 2476.32 : (15,16), (30,31), (46,47), (18,19), (18,20), (92,93), (63,64), (23,25), (42,43), (56,57), (69,70), (32,33), (49,50), (90,91), (18,21), (28,29), (65,66), (32,34), (39,40), (79,80),  time: 0.107 secs
k = 21 	 ENS = 2463.95 : (15,16), (30,31), (46,47), (18,19), (44,45), (18,20), (92,93), (63,64), (23,25), (42,43), (56,57), (69,70), (32,33), (49,50), (90,91), (18,21), (28,29), (65,66), (32,34), (39,40), (79,80),  time: 0.135 secs
k = 22 	 ENS = 2452.87 : (15,16), (30,31), (46,47), (18,19), (52,53), (44,45), (18,20), (92,93), (63,64), (23,25), (42,43), (56,57), (69,70), (32,33), (49,50), (90,91), (18,21), (28,29), (65,66), (32,34), (39,40), (79,80),  time: 0.202 secs
k = 23 	 ENS = 2442.98 : (15,16), (30,31), (46,47), (18,19), (52,53), (44,45), (18,20), (92,93), (63,64), (23,25), (42,43), (56,57), (31,32), (69,70), (32,33), (49,50), (90,91), (18,21), (28,29), (65,66), (32,34), (39,40), (79,80),  time: 0.234 secs
k = 24 	 ENS = 2434.29 : (15,16), (30,31), (46,47), (18,19), (52,53), (44,45), (18,20), (92,93), (63,64), (23,25), (42,43), (56,57), (31,32), (69,70), (32,33), (73,74), (49,50), (90,91), (18,21), (28,29), (65,66), (32,34), (39,40), (79,80),  time: 0.304 secs
k = 25 	 ENS = 2426.22 : (15,16), (30,31), (46,47), (18,19), (52,53), (44,45), (18,20), (92,93), (63,64), (23,25), (42,43), (56,57), (31,32), (69,70), (32,33), (73,74), (49,50), (90,91), (18,21), (28,29), (65,66), (86,87), (32,34), (39,40), (79,80),  time: 0.386 secs
k = 26 	 ENS = 2418.76 : (15,16), (30,31), (46,47), (18,19), (52,53), (44,45), (18,20), (92,93), (63,64), (23,25), (42,43), (56,57), (31,32), (69,70), (32,33), (73,74), (49,50), (17,18), (90,91), (18,21), (28,29), (65,66), (86,87), (32,34), (39,40), (79,80),  time: 0.486 secs
k = 27 	 ENS = 2411.48 : (15,16), (30,31), (46,47), (18,19), (52,53), (44,45), (18,20), (92,93), (63,64), (23,25), (42,43), (56,57), (31,32), (69,70), (32,33), (73,74), (49,50), (17,18), (90,91), (18,21), (28,29), (65,66), (82,83), (86,87), (32,34), (39,40), (79,80),  time: 0.573 secs
k = 28 	 ENS = 2404.59 : (15,16), (30,31), (46,47), (18,19), (52,53), (44,45), (18,20), (92,93), (63,64), (23,25), (42,43), (56,57), (23,24), (31,32), (69,70), (32,33), (73,74), (49,50), (17,18), (90,91), (18,21), (28,29), (65,66), (82,83), (86,87), (32,34), (39,40), (79,80),  time: 0.649 secs
k = 29 	 ENS = 2398.36 : (15,16), (30,31), (46,47), (18,19), (37,38), (52,53), (44,45), (18,20), (92,93), (63,64), (23,25), (42,43), (56,57), (23,24), (31,32), (69,70), (32,33), (73,74), (49,50), (17,18), (90,91), (18,21), (28,29), (65,66), (82,83), (86,87), (32,34), (39,40), (79,80),  time: 0.751 secs
k = 30 	 ENS = 2392.52 : (15,16), (30,31), (46,47), (18,19), (37,38), (52,53), (44,45), (18,20), (92,93), (63,64), (23,25), (42,43), (56,57), (23,24), (45,46), (31,32), (69,70), (32,33), (73,74), (49,50), (17,18), (90,91), (18,21), (28,29), (65,66), (82,83), (86,87), (32,34), (39,40), (79,80),  time: 1.154 secs
k = 31 	 ENS = 2387.04 : (15,16), (30,31), (62,63), (46,47), (18,19), (37,38), (52,53), (44,45), (18,20), (92,93), (63,64), (23,25), (42,43), (56,57), (23,24), (45,46), (31,32), (69,70), (32,33), (73,74), (49,50), (17,18), (90,91), (18,21), (28,29), (65,66), (82,83), (86,87), (32,34), (39,40), (79,80),  time: 0.956 secs
k = 32 	 ENS = 2381.95 : (15,16), (30,31), (62,63), (46,47), (18,19), (37,38), (52,53), (44,45), (18,20), (92,93), (63,64), (23,25), (42,43), (56,57), (23,24), (45,46), (31,32), (69,70), (14,15), (32,33), (73,74), (49,50), (17,18), (90,91), (18,21), (28,29), (65,66), (82,83), (86,87), (32,34), (39,40), (79,80),  time: 1.293 secs
k = 33 	 ENS = 2377.03 : (15,16), (30,31), (62,63), (46,47), (18,19), (37,38), (52,53), (44,45), (18,20), (92,93), (63,64), (23,25), (49,52), (42,43), (56,57), (23,24), (45,46), (31,32), (69,70), (14,15), (32,33), (73,74), (49,50), (17,18), (90,91), (18,21), (28,29), (65,66), (82,83), (86,87), (32,34), (39,40), (79,80),  time: 0.889 secs
k = 34 	 ENS = 2372.64 : (15,16), (30,31), (62,63), (46,47), (18,19), (37,38), (52,53), (44,45), (18,20), (92,93), (63,64), (23,25), (49,52), (42,43), (56,57), (23,24), (45,46), (31,32), (69,70), (14,15), (32,33), (73,74), (49,50), (17,18), (90,91), (18,21), (28,29), (93,94), (65,66), (82,83), (86,87), (32,34), (39,40), (79,80),  time: 0.382 secs
k = 35 	 ENS = 2368.80 : (15,16), (30,31), (62,63), (46,47), (18,19), (37,38), (52,53), (44,45), (18,20), (92,93), (63,64), (23,25), (49,52), (42,43), (56,57), (23,24), (45,46), (31,32), (69,70), (14,15), (32,33), (73,74), (49,50), (29,30), (17,18), (90,91), (18,21), (28,29), (93,94), (65,66), (82,83), (86,87), (32,34), (39,40), (79,80),  time: 0.372 secs
k = 36 	 ENS = 2365.15 : (15,16), (30,31), (62,63), (46,47), (18,19), (37,38), (52,53), (44,45), (18,20), (92,93), (63,64), (23,25), (49,52), (64,65), (42,43), (56,57), (23,24), (45,46), (31,32), (69,70), (14,15), (32,33), (73,74), (49,50), (29,30), (17,18), (90,91), (18,21), (28,29), (93,94), (65,66), (82,83), (86,87), (32,34), (39,40), (79,80),  time: 0.199 secs
k = 37 	 ENS = 2361.50 : (15,16), (30,31), (62,63), (46,47), (18,19), (37,38), (52,53), (44,45), (18,20), (92,93), (63,64), (23,25), (49,52), (64,65), (42,43), (56,57), (23,24), (45,46), (31,32), (69,70), (14,15), (32,33), (73,74), (49,50), (29,30), (17,18), (90,91), (18,21), (28,29), (93,94), (65,66), (91,92), (82,83), (86,87), (32,34), (39,40), (79,80),  time: 0.173 secs
k = 38 	 ENS = 2358.23 : (15,16), (30,31), (62,63), (46,47), (18,19), (37,38), (52,53), (44,45), (18,20), (13,14), (92,93), (63,64), (23,25), (49,52), (64,65), (42,43), (56,57), (23,24), (45,46), (31,32), (69,70), (14,15), (32,33), (73,74), (49,50), (29,30), (17,18), (90,91), (18,21), (28,29), (93,94), (65,66), (91,92), (82,83), (86,87), (32,34), (39,40), (79,80),  time: 0.181 secs
k = 39 	 ENS = 2355.54 : (15,16), (30,31), (62,63), (46,47), (18,19), (37,38), (52,53), (44,45), (18,20), (13,14), (92,93), (63,64), (23,25), (49,52), (64,65), (42,43), (56,57), (23,24), (45,46), (31,32), (69,70), (14,15), (32,33), (73,74), (89,90), (49,50), (29,30), (17,18), (90,91), (18,21), (28,29), (93,94), (65,66), (91,92), (82,83), (86,87), (32,34), (39,40), (79,80),  time: 0.085 secs
k = 40 	 ENS = 2353.16 : (15,16), (30,31), (62,63), (46,47), (18,19), (37,38), (52,53), (44,45), (18,20), (13,14), (92,93), (63,64), (23,25), (49,52), (64,65), (42,43), (56,57), (23,24), (45,46), (31,32), (69,70), (14,15), (32,33), (73,74), (89,90), (49,50), (29,30), (17,18), (90,91), (18,21), (28,29), (93,94), (65,66), (91,92), (82,83), (86,87), (32,34), (39,40), (79,80), (77,78),  time: 0.086 secs
k = 41 	 ENS = 2350.98 : (61,62), (15,16), (30,31), (62,63), (46,47), (18,19), (37,38), (52,53), (44,45), (18,20), (13,14), (92,93), (63,64), (23,25), (49,52), (64,65), (42,43), (56,57), (23,24), (45,46), (31,32), (69,70), (14,15), (32,33), (73,74), (89,90), (49,50), (29,30), (17,18), (90,91), (18,21), (28,29), (93,94), (65,66), (91,92), (82,83), (86,87), (32,34), (39,40), (79,80), (77,78),  time: 0.170 secs
k = 42 	 ENS = 2348.80 : (61,62), (15,16), (30,31), (62,63), (46,47), (18,19), (37,38), (52,53), (44,45), (18,20), (13,14), (92,93), (63,64), (23,25), (49,52), (64,65), (42,43), (56,57), (23,24), (45,46), (31,32), (69,70), (14,15), (27,28), (32,33), (73,74), (89,90), (49,50), (29,30), (17,18), (90,91), (18,21), (28,29), (93,94), (65,66), (91,92), (82,83), (86,87), (32,34), (39,40), (79,80), (77,78),  time: 0.026 secs
k = 43 	 ENS = 2347.59 : (61,62), (15,16), (30,31), (62,63), (46,47), (18,19), (37,38), (52,53), (44,45), (16,17), (18,20), (13,14), (92,93), (63,64), (23,25), (49,52), (64,65), (42,43), (56,57), (23,24), (45,46), (31,32), (69,70), (14,15), (27,28), (32,33), (73,74), (89,90), (49,50), (29,30), (17,18), (90,91), (18,21), (28,29), (93,94), (65,66), (91,92), (82,83), (86,87), (32,34), (39,40), (79,80), (77,78),  time: 0.017 secs
k = 44 	 ENS = 2346.49 : (61,62), (15,16), (30,31), (62,63), (46,47), (18,19), (37,38), (52,53), (47,48), (44,45), (16,17), (18,20), (13,14), (92,93), (63,64), (23,25), (49,52), (64,65), (42,43), (56,57), (23,24), (45,46), (31,32), (69,70), (14,15), (27,28), (32,33), (73,74), (89,90), (49,50), (29,30), (17,18), (90,91), (18,21), (28,29), (93,94), (65,66), (91,92), (82,83), (86,87), (32,34), (39,40), (79,80), (77,78),  time: 0.011 secs
k = 45 	 ENS = 2345.48 : (61,62), (15,16), (30,31), (62,63), (46,47), (18,19), (37,38), (52,53), (47,48), (44,45), (16,17), (18,20), (13,14), (92,93), (63,64), (23,25), (49,52), (64,65), (42,43), (56,57), (23,24), (45,46), (31,32), (69,70), (14,15), (27,28), (32,33), (73,74), (89,90), (49,50), (29,30), (17,18), (90,91), (74,75), (18,21), (28,29), (93,94), (65,66), (91,92), (82,83), (86,87), (32,34), (39,40), (79,80), (77,78),  time: 0.008 secs
k = 46 	 ENS = 2344.57 : (61,62), (15,16), (30,31), (62,63), (46,47), (18,19), (37,38), (52,53), (47,48), (44,45), (16,17), (18,20), (13,14), (92,93), (63,64), (23,25), (49,52), (34,35), (64,65), (42,43), (56,57), (23,24), (45,46), (31,32), (69,70), (14,15), (27,28), (32,33), (73,74), (89,90), (49,50), (29,30), (17,18), (90,91), (74,75), (18,21), (28,29), (93,94), (65,66), (91,92), (82,83), (86,87), (32,34), (39,40), (79,80), (77,78),  time: 0.008 secs
k = 47 	 ENS = 2343.84 : (61,62), (15,16), (30,31), (62,63), (46,47), (18,19), (37,38), (52,53), (36,37), (47,48), (44,45), (16,17), (18,20), (13,14), (92,93), (63,64), (23,25), (49,52), (34,35), (64,65), (42,43), (56,57), (23,24), (45,46), (31,32), (69,70), (14,15), (27,28), (32,33), (73,74), (89,90), (49,50), (29,30), (17,18), (90,91), (74,75), (18,21), (28,29), (93,94), (65,66), (91,92), (82,83), (86,87), (32,34), (39,40), (79,80), (77,78),  time: 0.009 secs
k = 48 	 ENS = 2343.11 : (61,62), (15,16), (30,31), (62,63), (46,47), (18,19), (37,38), (52,53), (36,37), (47,48), (44,45), (16,17), (18,20), (13,14), (92,93), (63,64), (23,25), (49,52), (34,35), (64,65), (42,43), (56,57), (23,24), (45,46), (31,32), (69,70), (14,15), (27,28), (32,33), (73,74), (89,90), (49,50), (29,30), (17,18), (90,91), (74,75), (43,44), (18,21), (28,29), (93,94), (65,66), (91,92), (82,83), (86,87), (32,34), (39,40), (79,80), (77,78),  time: 0.006 secs
k = 49 	 ENS = 2342.43 : (61,62), (15,16), (30,31), (62,63), (46,47), (18,19), (37,38), (52,53), (36,37), (47,48), (38,39), (44,45), (16,17), (18,20), (13,14), (92,93), (63,64), (23,25), (49,52), (34,35), (64,65), (42,43), (56,57), (23,24), (45,46), (31,32), (69,70), (14,15), (27,28), (32,33), (73,74), (89,90), (49,50), (29,30), (17,18), (90,91), (74,75), (43,44), (18,21), (28,29), (93,94), (65,66), (91,92), (82,83), (86,87), (32,34), (39,40), (79,80), (77,78),  time: 0.004 secs
k = 50 	 ENS = 2341.85 : (61,62), (15,16), (30,31), (62,63), (46,47), (18,19), (37,38), (52,53), (36,37), (47,48), (38,39), (44,45), (16,17), (18,20), (13,14), (92,93), (63,64), (23,25), (49,52), (34,35), (64,65), (42,43), (50,51), (56,57), (23,24), (45,46), (31,32), (69,70), (14,15), (27,28), (32,33), (73,74), (89,90), (49,50), (29,30), (17,18), (90,91), (74,75), (43,44), (18,21), (28,29), (93,94), (65,66), (91,92), (82,83), (86,87), (32,34), (39,40), (79,80), (77,78),  time: 0.004 secs
k = 51 	 ENS = 2341.30 : (61,62), (15,16), (30,31), (62,63), (46,47), (18,19), (37,38), (52,53), (36,37), (47,48), (38,39), (44,45), (16,17), (18,20), (13,14), (92,93), (63,64), (23,25), (49,52), (34,35), (64,65), (42,43), (50,51), (56,57), (23,24), (45,46), (31,32), (69,70), (14,15), (27,28), (32,33), (73,74), (55,56), (89,90), (49,50), (29,30), (17,18), (90,91), (74,75), (43,44), (18,21), (28,29), (93,94), (65,66), (91,92), (82,83), (86,87), (32,34), (39,40), (79,80), (77,78),  time: 0.003 secs
k = 52 	 ENS = 2340.72 : (61,62), (15,16), (30,31), (62,63), (46,47), (18,19), (37,38), (52,53), (36,37), (47,48), (38,39), (44,45), (16,17), (18,20), (13,14), (92,93), (63,64), (23,25), (49,52), (34,35), (64,65), (42,43), (50,51), (56,57), (23,24), (45,46), (31,32), (69,70), (14,15), (27,28), (32,33), (73,74), (55,56), (89,90), (72,73), (49,50), (29,30), (17,18), (90,91), (74,75), (43,44), (18,21), (28,29), (93,94), (65,66), (91,92), (82,83), (86,87), (32,34), (39,40), (79,80), (77,78),  time: 0.003 secs
k = 53 	 ENS = 2340.50 : (61,62), (15,16), (30,31), (62,63), (46,47), (18,19), (37,38), (52,53), (36,37), (47,48), (38,39), (44,45), (16,17), (18,20), (13,14), (92,93), (63,64), (23,25), (49,52), (34,35), (64,65), (42,43), (50,51), (56,57), (23,24), (45,46), (31,32), (69,70), (14,15), (27,28), (32,33), (73,74), (55,56), (89,90), (72,73), (49,50), (29,30), (17,18), (90,91), (74,75), (43,44), (68,69), (18,21), (28,29), (93,94), (65,66), (91,92), (82,83), (86,87), (32,34), (39,40), (79,80), (77,78),  time: 0.002 secs
k = 54 	 ENS = 2340.39 : (61,62), (15,16), (30,31), (62,63), (46,47), (18,19), (37,38), (52,53), (36,37), (47,48), (38,39), (44,45), (48,49), (16,17), (18,20), (13,14), (92,93), (63,64), (23,25), (49,52), (34,35), (64,65), (42,43), (50,51), (56,57), (23,24), (45,46), (31,32), (69,70), (14,15), (27,28), (32,33), (73,74), (55,56), (89,90), (72,73), (49,50), (29,30), (17,18), (90,91), (74,75), (43,44), (68,69), (18,21), (28,29), (93,94), (65,66), (91,92), (82,83), (86,87), (32,34), (39,40), (79,80), (77,78),  time: 0.002 secs
k = 55 	 ENS = 2340.43 : (61,62), (15,16), (30,31), (62,63), (46,47), (18,19), (37,38), (52,53), (36,37), (81,82), (47,48), (38,39), (44,45), (16,17), (18,20), (13,14), (92,93), (71,72), (63,64), (23,25), (49,52), (34,35), (64,65), (42,43), (50,51), (56,57), (23,24), (45,46), (31,32), (69,70), (14,15), (27,28), (32,33), (73,74), (55,56), (89,90), (72,73), (49,50), (29,30), (17,18), (90,91), (74,75), (43,44), (68,69), (18,21), (28,29), (93,94), (65,66), (91,92), (82,83), (86,87), (32,34), (39,40), (79,80), (77,78),  time: 0.001 secs
k = 56 	 ENS = 2340.32 : (61,62), (15,16), (30,31), (62,63), (46,47), (18,19), (37,38), (80,81), (52,53), (36,37), (47,48), (38,39), (44,45), (48,49), (16,17), (18,20), (13,14), (92,93), (71,72), (63,64), (23,25), (49,52), (34,35), (64,65), (42,43), (50,51), (56,57), (23,24), (45,46), (31,32), (69,70), (14,15), (27,28), (32,33), (73,74), (55,56), (89,90), (72,73), (49,50), (29,30), (17,18), (90,91), (74,75), (43,44), (68,69), (18,21), (28,29), (93,94), (65,66), (91,92), (82,83), (86,87), (32,34), (39,40), (79,80), (77,78),  time: 0.002 secs
k = 57 	 ENS = 2340.32 : (61,62), (15,16), (30,31), (62,63), (46,47), (18,19), (37,38), (80,81), (52,53), (36,37), (81,82), (47,48), (38,39), (44,45), (48,49), (16,17), (18,20), (13,14), (92,93), (71,72), (63,64), (23,25), (49,52), (34,35), (64,65), (42,43), (50,51), (56,57), (23,24), (45,46), (31,32), (69,70), (14,15), (27,28), (32,33), (73,74), (55,56), (89,90), (72,73), (49,50), (29,30), (17,18), (90,91), (74,75), (43,44), (68,69), (18,21), (28,29), (93,94), (65,66), (91,92), (82,83), (86,87), (32,34), (39,40), (79,80), (77,78),  time: 0.001 secs
k = 58 	 ENS = 2340.32 : (61,62), (15,16), (30,31), (62,63), (46,47), (78,79), (18,19), (37,38), (80,81), (52,53), (36,37), (70,71), (47,48), (38,39), (44,45), (48,49), (16,17), (18,20), (13,14), (92,93), (71,72), (63,64), (23,25), (49,52), (34,35), (64,65), (42,43), (50,51), (56,57), (23,24), (45,46), (31,32), (69,70), (14,15), (27,28), (32,33), (73,74), (55,56), (89,90), (72,73), (49,50), (29,30), (17,18), (90,91), (74,75), (43,44), (68,69), (18,21), (28,29), (93,94), (65,66), (91,92), (82,83), (86,87), (32,34), (39,40), (79,80), (77,78),  time: 0.001 secs
k = 59 	 ENS = 2340.32 : (61,62), (15,16), (30,31), (62,63), (46,47), (78,79), (18,19), (37,38), (80,81), (52,53), (36,37), (81,82), (70,71), (47,48), (38,39), (44,45), (48,49), (16,17), (18,20), (13,14), (92,93), (71,72), (63,64), (23,25), (49,52), (34,35), (64,65), (42,43), (50,51), (56,57), (23,24), (45,46), (31,32), (69,70), (14,15), (27,28), (32,33), (73,74), (55,56), (89,90), (72,73), (49,50), (29,30), (17,18), (90,91), (74,75), (43,44), (68,69), (18,21), (28,29), (93,94), (65,66), (91,92), (82,83), (86,87), (32,34), (39,40), (79,80), (77,78),  time: 0.000 secs
k = 60 	 ENS = 2340.32 : (61,62), (15,16), (30,31), (62,63), (46,47), (78,79), (18,19), (37,38), (80,81), (52,53), (36,37), (81,82), (70,71), (47,48), (38,39), (44,45), (48,49), (16,17), (18,20), (13,14), (92,93), (71,72), (63,64), (23,25), (49,52), (34,35), (64,65), (42,43), (50,51), (56,57), (23,24), (45,46), (31,32), (69,70), (14,15), (27,28), (32,33), (73,74), (55,56), (89,90), (72,73), (49,50), (29,30), (17,18), (90,91), (74,75), (43,44), (68,69), (18,21), (28,29), (93,94), (65,66), (91,92), (82,83), (86,87), (32,34), (39,40), (79,80), (77,78),  time: 0.000 secs
k = 61 	 ENS = 2340.32 : (61,62), (15,16), (30,31), (62,63), (46,47), (78,79), (18,19), (37,38), (80,81), (52,53), (36,37), (81,82), (70,71), (47,48), (38,39), (44,45), (48,49), (16,17), (18,20), (13,14), (92,93), (71,72), (63,64), (23,25), (49,52), (34,35), (64,65), (42,43), (50,51), (56,57), (23,24), (45,46), (31,32), (69,70), (14,15), (27,28), (32,33), (73,74), (55,56), (89,90), (72,73), (49,50), (29,30), (17,18), (90,91), (74,75), (43,44), (68,69), (18,21), (28,29), (93,94), (65,66), (91,92), (82,83), (86,87), (32,34), (39,40), (79,80), (77,78),  time: 0.000 secs
k = 62 	 ENS = 2340.32 : (61,62), (15,16), (30,31), (62,63), (46,47), (78,79), (18,19), (37,38), (80,81), (52,53), (36,37), (81,82), (70,71), (47,48), (38,39), (44,45), (48,49), (16,17), (18,20), (13,14), (92,93), (71,72), (63,64), (23,25), (49,52), (34,35), (64,65), (42,43), (50,51), (56,57), (23,24), (45,46), (31,32), (69,70), (14,15), (27,28), (32,33), (73,74), (55,56), (89,90), (72,73), (49,50), (29,30), (17,18), (90,91), (74,75), (43,44), (68,69), (18,21), (28,29), (93,94), (65,66), (91,92), (82,83), (86,87), (32,34), (39,40), (79,80), (77,78),  time: 0.000 secs
k = 63 	 ENS = 2340.32 : (61,62), (15,16), (30,31), (62,63), (46,47), (78,79), (18,19), (37,38), (80,81), (52,53), (36,37), (81,82), (70,71), (47,48), (38,39), (44,45), (48,49), (16,17), (18,20), (13,14), (92,93), (71,72), (63,64), (23,25), (49,52), (34,35), (64,65), (42,43), (50,51), (56,57), (23,24), (45,46), (31,32), (69,70), (14,15), (27,28), (32,33), (73,74), (55,56), (89,90), (72,73), (49,50), (29,30), (17,18), (90,91), (74,75), (43,44), (68,69), (18,21), (28,29), (93,94), (65,66), (91,92), (82,83), (86,87), (32,34), (39,40), (79,80), (77,78),  time: 0.000 secs
k = 64 	 ENS = 2340.32 : (61,62), (15,16), (30,31), (62,63), (46,47), (78,79), (18,19), (37,38), (80,81), (52,53), (36,37), (81,82), (70,71), (47,48), (38,39), (44,45), (48,49), (16,17), (18,20), (13,14), (92,93), (71,72), (63,64), (23,25), (49,52), (34,35), (64,65), (42,43), (50,51), (56,57), (23,24), (45,46), (31,32), (69,70), (14,15), (27,28), (32,33), (73,74), (55,56), (89,90), (72,73), (49,50), (29,30), (17,18), (90,91), (74,75), (43,44), (68,69), (18,21), (28,29), (93,94), (65,66), (91,92), (82,83), (86,87), (32,34), (39,40), (79,80), (77,78),  time: 0.000 secs
k = 65 	 ENS = 2340.32 : (61,62), (15,16), (30,31), (62,63), (46,47), (78,79), (18,19), (37,38), (80,81), (52,53), (36,37), (81,82), (70,71), (47,48), (38,39), (44,45), (48,49), (16,17), (18,20), (13,14), (92,93), (71,72), (63,64), (23,25), (49,52), (34,35), (64,65), (42,43), (50,51), (56,57), (23,24), (45,46), (31,32), (69,70), (14,15), (27,28), (32,33), (73,74), (55,56), (89,90), (72,73), (49,50), (29,30), (17,18), (90,91), (74,75), (43,44), (68,69), (18,21), (28,29), (93,94), (65,66), (91,92), (82,83), (86,87), (32,34), (39,40), (79,80), (77,78),  time: 0.000 secs
k = 66 	 ENS = 2340.32 : (61,62), (15,16), (30,31), (62,63), (46,47), (78,79), (18,19), (37,38), (80,81), (52,53), (36,37), (81,82), (70,71), (47,48), (38,39), (44,45), (48,49), (16,17), (18,20), (13,14), (92,93), (71,72), (63,64), (23,25), (49,52), (34,35), (64,65), (42,43), (50,51), (56,57), (23,24), (45,46), (31,32), (69,70), (14,15), (27,28), (32,33), (73,74), (55,56), (89,90), (72,73), (49,50), (29,30), (17,18), (90,91), (74,75), (43,44), (68,69), (18,21), (28,29), (93,94), (65,66), (91,92), (82,83), (86,87), (32,34), (39,40), (79,80), (77,78),  time: 0.000 secs
k = 67 	 ENS = 2340.32 : (61,62), (15,16), (30,31), (62,63), (46,47), (78,79), (18,19), (37,38), (80,81), (52,53), (36,37), (81,82), (70,71), (47,48), (38,39), (44,45), (48,49), (16,17), (18,20), (13,14), (92,93), (71,72), (63,64), (23,25), (49,52), (34,35), (64,65), (42,43), (50,51), (56,57), (23,24), (45,46), (31,32), (69,70), (14,15), (27,28), (32,33), (73,74), (55,56), (89,90), (72,73), (49,50), (29,30), (17,18), (90,91), (74,75), (43,44), (68,69), (18,21), (28,29), (93,94), (65,66), (91,92), (82,83), (86,87), (32,34), (39,40), (79,80), (77,78),  time: 0.000 secs
k = 68 	 ENS = 2340.32 : (61,62), (15,16), (30,31), (62,63), (46,47), (78,79), (18,19), (37,38), (80,81), (52,53), (36,37), (81,82), (70,71), (47,48), (38,39), (44,45), (48,49), (16,17), (18,20), (13,14), (92,93), (71,72), (63,64), (23,25), (49,52), (34,35), (64,65), (42,43), (50,51), (56,57), (23,24), (45,46), (31,32), (69,70), (14,15), (27,28), (32,33), (73,74), (55,56), (89,90), (72,73), (49,50), (29,30), (17,18), (90,91), (74,75), (43,44), (68,69), (18,21), (28,29), (93,94), (65,66), (91,92), (82,83), (86,87), (32,34), (39,40), (79,80), (77,78),  time: 0.000 secs
k = 69 	 ENS = 2340.32 : (61,62), (15,16), (30,31), (62,63), (46,47), (78,79), (18,19), (37,38), (80,81), (52,53), (36,37), (81,82), (70,71), (47,48), (38,39), (44,45), (48,49), (16,17), (18,20), (13,14), (92,93), (71,72), (63,64), (23,25), (49,52), (34,35), (64,65), (42,43), (50,51), (56,57), (23,24), (45,46), (31,32), (69,70), (14,15), (27,28), (32,33), (73,74), (55,56), (89,90), (72,73), (49,50), (29,30), (17,18), (90,91), (74,75), (43,44), (68,69), (18,21), (28,29), (93,94), (65,66), (91,92), (82,83), (86,87), (32,34), (39,40), (79,80), (77,78),  time: 0.000 secs
k = 70 	 ENS = 2340.32 : (61,62), (15,16), (30,31), (62,63), (46,47), (78,79), (18,19), (37,38), (80,81), (52,53), (36,37), (81,82), (70,71), (47,48), (38,39), (44,45), (48,49), (16,17), (18,20), (13,14), (92,93), (71,72), (63,64), (23,25), (49,52), (34,35), (64,65), (42,43), (50,51), (56,57), (23,24), (45,46), (31,32), (69,70), (14,15), (27,28), (32,33), (73,74), (55,56), (89,90), (72,73), (49,50), (29,30), (17,18), (90,91), (74,75), (43,44), (68,69), (18,21), (28,29), (93,94), (65,66), (91,92), (82,83), (86,87), (32,34), (39,40), (79,80), (77,78),  time: 0.000 secs
k = 71 	 ENS = 2340.32 : (61,62), (15,16), (30,31), (62,63), (46,47), (78,79), (18,19), (37,38), (80,81), (52,53), (36,37), (81,82), (70,71), (47,48), (38,39), (44,45), (48,49), (16,17), (18,20), (13,14), (92,93), (71,72), (63,64), (23,25), (49,52), (34,35), (64,65), (42,43), (50,51), (56,57), (23,24), (45,46), (31,32), (69,70), (14,15), (27,28), (32,33), (73,74), (55,56), (89,90), (72,73), (49,50), (29,30), (17,18), (90,91), (74,75), (43,44), (68,69), (18,21), (28,29), (93,94), (65,66), (91,92), (82,83), (86,87), (32,34), (39,40), (79,80), (77,78),  time: 0.000 secs
k = 72 	 ENS = 2340.32 : (61,62), (15,16), (30,31), (62,63), (46,47), (78,79), (18,19), (37,38), (80,81), (52,53), (36,37), (81,82), (70,71), (47,48), (38,39), (44,45), (48,49), (16,17), (18,20), (13,14), (92,93), (71,72), (63,64), (23,25), (49,52), (34,35), (64,65), (42,43), (50,51), (56,57), (23,24), (45,46), (31,32), (69,70), (14,15), (27,28), (32,33), (73,74), (55,56), (89,90), (72,73), (49,50), (29,30), (17,18), (90,91), (74,75), (43,44), (68,69), (18,21), (28,29), (93,94), (65,66), (91,92), (82,83), (86,87), (32,34), (39,40), (79,80), (77,78),  time: 0.000 secs
k = 73 	 ENS = 2340.32 : (61,62), (15,16), (30,31), (62,63), (46,47), (78,79), (18,19), (37,38), (80,81), (52,53), (36,37), (81,82), (70,71), (47,48), (38,39), (44,45), (48,49), (16,17), (18,20), (13,14), (92,93), (71,72), (63,64), (23,25), (49,52), (34,35), (64,65), (42,43), (50,51), (56,57), (23,24), (45,46), (31,32), (69,70), (14,15), (27,28), (32,33), (73,74), (55,56), (89,90), (72,73), (49,50), (29,30), (17,18), (90,91), (74,75), (43,44), (68,69), (18,21), (28,29), (93,94), (65,66), (91,92), (82,83), (86,87), (32,34), (39,40), (79,80), (77,78),  time: 0.000 secs
k = 74 	 ENS = 2340.32 : (61,62), (15,16), (30,31), (62,63), (46,47), (78,79), (18,19), (37,38), (80,81), (52,53), (36,37), (81,82), (70,71), (47,48), (38,39), (44,45), (48,49), (16,17), (18,20), (13,14), (92,93), (71,72), (63,64), (23,25), (49,52), (34,35), (64,65), (42,43), (50,51), (56,57), (23,24), (45,46), (31,32), (69,70), (14,15), (27,28), (32,33), (73,74), (55,56), (89,90), (72,73), (49,50), (29,30), (17,18), (90,91), (74,75), (43,44), (68,69), (18,21), (28,29), (93,94), (65,66), (91,92), (82,83), (86,87), (32,34), (39,40), (79,80), (77,78),  time: 0.000 secs
k = 75 	 ENS = 2340.32 : (61,62), (15,16), (30,31), (62,63), (46,47), (78,79), (18,19), (37,38), (80,81), (52,53), (36,37), (81,82), (70,71), (47,48), (38,39), (44,45), (48,49), (16,17), (18,20), (13,14), (92,93), (71,72), (63,64), (23,25), (49,52), (34,35), (64,65), (42,43), (50,51), (56,57), (23,24), (45,46), (31,32), (69,70), (14,15), (27,28), (32,33), (73,74), (55,56), (89,90), (72,73), (49,50), (29,30), (17,18), (90,91), (74,75), (43,44), (68,69), (18,21), (28,29), (93,94), (65,66), (91,92), (82,83), (86,87), (32,34), (39,40), (79,80), (77,78),  time: 0.000 secs
k = 76 	 ENS = 2340.32 : (61,62), (15,16), (30,31), (62,63), (46,47), (78,79), (18,19), (37,38), (80,81), (52,53), (36,37), (81,82), (70,71), (47,48), (38,39), (44,45), (48,49), (16,17), (18,20), (13,14), (92,93), (71,72), (63,64), (23,25), (49,52), (34,35), (64,65), (42,43), (50,51), (56,57), (23,24), (45,46), (31,32), (69,70), (14,15), (27,28), (32,33), (73,74), (55,56), (89,90), (72,73), (49,50), (29,30), (17,18), (90,91), (74,75), (43,44), (68,69), (18,21), (28,29), (93,94), (65,66), (91,92), (82,83), (86,87), (32,34), (39,40), (79,80), (77,78),  time: 0.000 secs
k = 77 	 ENS = 2340.32 : (61,62), (15,16), (30,31), (62,63), (46,47), (78,79), (18,19), (37,38), (80,81), (52,53), (36,37), (81,82), (70,71), (47,48), (38,39), (44,45), (48,49), (16,17), (18,20), (13,14), (92,93), (71,72), (63,64), (23,25), (49,52), (34,35), (64,65), (42,43), (50,51), (56,57), (23,24), (45,46), (31,32), (69,70), (14,15), (27,28), (32,33), (73,74), (55,56), (89,90), (72,73), (49,50), (29,30), (17,18), (90,91), (74,75), (43,44), (68,69), (18,21), (28,29), (93,94), (65,66), (91,92), (82,83), (86,87), (32,34), (39,40), (79,80), (77,78),  time: 0.000 secs
k = 78 	 ENS = 2340.32 : (61,62), (15,16), (30,31), (62,63), (46,47), (78,79), (18,19), (37,38), (80,81), (52,53), (36,37), (81,82), (70,71), (47,48), (38,39), (44,45), (48,49), (16,17), (18,20), (13,14), (92,93), (71,72), (63,64), (23,25), (49,52), (34,35), (64,65), (42,43), (50,51), (56,57), (23,24), (45,46), (31,32), (69,70), (14,15), (27,28), (32,33), (73,74), (55,56), (89,90), (72,73), (49,50), (29,30), (17,18), (90,91), (74,75), (43,44), (68,69), (18,21), (28,29), (93,94), (65,66), (91,92), (82,83), (86,87), (32,34), (39,40), (79,80), (77,78),  time: 0.000 secs
k = 79 	 ENS = 2340.32 : (61,62), (15,16), (30,31), (62,63), (46,47), (78,79), (18,19), (37,38), (80,81), (52,53), (36,37), (81,82), (70,71), (47,48), (38,39), (44,45), (48,49), (16,17), (18,20), (13,14), (92,93), (71,72), (63,64), (23,25), (49,52), (34,35), (64,65), (42,43), (50,51), (56,57), (23,24), (45,46), (31,32), (69,70), (14,15), (27,28), (32,33), (73,74), (55,56), (89,90), (72,73), (49,50), (29,30), (17,18), (90,91), (74,75), (43,44), (68,69), (18,21), (28,29), (93,94), (65,66), (91,92), (82,83), (86,87), (32,34), (39,40), (79,80), (77,78),  time: 0.000 secs
k = 80 	 ENS = 2340.32 : (61,62), (15,16), (30,31), (62,63), (46,47), (78,79), (18,19), (37,38), (80,81), (52,53), (36,37), (81,82), (70,71), (47,48), (38,39), (44,45), (48,49), (16,17), (18,20), (13,14), (92,93), (71,72), (63,64), (23,25), (49,52), (34,35), (64,65), (42,43), (50,51), (56,57), (23,24), (45,46), (31,32), (69,70), (14,15), (27,28), (32,33), (73,74), (55,56), (89,90), (72,73), (49,50), (29,30), (17,18), (90,91), (74,75), (43,44), (68,69), (18,21), (28,29), (93,94), (65,66), (91,92), (82,83), (86,87), (32,34), (39,40), (79,80), (77,78),  time: 0.000 secs
k = 81 	 ENS = 2340.32 : (61,62), (15,16), (30,31), (62,63), (46,47), (78,79), (18,19), (37,38), (80,81), (52,53), (36,37), (81,82), (70,71), (47,48), (38,39), (44,45), (48,49), (16,17), (18,20), (13,14), (92,93), (71,72), (63,64), (23,25), (49,52), (34,35), (64,65), (42,43), (50,51), (56,57), (23,24), (45,46), (31,32), (69,70), (14,15), (27,28), (32,33), (73,74), (55,56), (89,90), (72,73), (49,50), (29,30), (17,18), (90,91), (74,75), (43,44), (68,69), (18,21), (28,29), (93,94), (65,66), (91,92), (82,83), (86,87), (32,34), (39,40), (79,80), (77,78),  time: 0.000 secs
k = 82 	 ENS = 2340.32 : (61,62), (15,16), (30,31), (62,63), (46,47), (78,79), (18,19), (37,38), (80,81), (52,53), (36,37), (81,82), (70,71), (47,48), (38,39), (44,45), (48,49), (16,17), (18,20), (13,14), (92,93), (71,72), (63,64), (23,25), (49,52), (34,35), (64,65), (42,43), (50,51), (56,57), (23,24), (45,46), (31,32), (69,70), (14,15), (27,28), (32,33), (73,74), (55,56), (89,90), (72,73), (49,50), (29,30), (17,18), (90,91), (74,75), (43,44), (68,69), (18,21), (28,29), (93,94), (65,66), (91,92), (82,83), (86,87), (32,34), (39,40), (79,80), (77,78),  time: 0.000 secs
k = 83 	 ENS = 2340.32 : (61,62), (15,16), (67,68), (26,27), (2,22), (30,31), (62,63), (46,47), (78,79), (18,19), (22,23), (37,38), (80,81), (52,53), (10,84), (36,37), (81,82), (70,71), (76,77), (47,48), (88,89), (38,39), (44,45), (48,49), (16,17), (18,20), (13,14), (92,93), (71,72), (63,64), (23,25), (54,55), (49,52), (34,35), (64,65), (42,43), (50,51), (56,57), (23,24), (1,12), (45,46), (31,32), (69,70), (14,15), (27,28), (32,33), (73,74), (55,56), (60,61), (84,85), (89,90), (3,26), (72,73), (41,42), (49,50), (29,30), (17,18), (90,91), (9,76), (74,75), (5,41), (59,60), (43,44), (68,69), (8,67), (12,13), (58,59), (18,21), (6,54), (4,36), (28,29), (93,94), (65,66), (85,86), (91,92), (11,88), (82,83), (86,87), (32,34), (7,58), (39,40), (79,80), (77,78),  time: 0.000 secs
k = 84 	 ENS = 2340.32 : (61,62), (15,16), (67,68), (26,27), (2,22), (30,31), (62,63), (46,47), (78,79), (18,19), (22,23), (37,38), (80,81), (52,53), (10,84), (36,37), (81,82), (70,71), (76,77), (47,48), (88,89), (38,39), (44,45), (48,49), (16,17), (18,20), (13,14), (92,93), (71,72), (63,64), (23,25), (54,55), (49,52), (34,35), (64,65), (42,43), (50,51), (56,57), (23,24), (1,12), (45,46), (31,32), (69,70), (14,15), (27,28), (32,33), (73,74), (55,56), (60,61), (84,85), (89,90), (3,26), (72,73), (41,42), (49,50), (29,30), (17,18), (90,91), (9,76), (74,75), (5,41), (59,60), (43,44), (68,69), (8,67), (12,13), (58,59), (18,21), (6,54), (4,36), (28,29), (93,94), (65,66), (85,86), (91,92), (11,88), (82,83), (86,87), (32,34), (7,58), (39,40), (79,80), (77,78),  time: 0.000 secs
k = 85 	 ENS = 2340.32 : (61,62), (15,16), (67,68), (26,27), (2,22), (30,31), (62,63), (46,47), (78,79), (18,19), (22,23), (37,38), (80,81), (52,53), (10,84), (36,37), (81,82), (70,71), (76,77), (47,48), (88,89), (38,39), (44,45), (48,49), (16,17), (18,20), (13,14), (92,93), (71,72), (63,64), (23,25), (54,55), (49,52), (34,35), (64,65), (42,43), (50,51), (56,57), (23,24), (1,12), (45,46), (31,32), (69,70), (14,15), (27,28), (32,33), (73,74), (55,56), (60,61), (84,85), (89,90), (3,26), (72,73), (41,42), (49,50), (29,30), (17,18), (90,91), (9,76), (74,75), (5,41), (59,60), (43,44), (68,69), (8,67), (12,13), (58,59), (18,21), (6,54), (4,36), (28,29), (93,94), (65,66), (85,86), (91,92), (11,88), (82,83), (86,87), (32,34), (7,58), (39,40), (79,80), (77,78),  time: 0.000 secs
k = 86 	 ENS = 2340.32 : (61,62), (15,16), (67,68), (26,27), (2,22), (30,31), (62,63), (46,47), (78,79), (18,19), (22,23), (37,38), (80,81), (52,53), (10,84), (36,37), (81,82), (70,71), (76,77), (47,48), (88,89), (38,39), (44,45), (48,49), (16,17), (18,20), (13,14), (92,93), (71,72), (63,64), (23,25), (54,55), (49,52), (34,35), (64,65), (42,43), (50,51), (56,57), (23,24), (1,12), (45,46), (31,32), (69,70), (14,15), (27,28), (32,33), (73,74), (55,56), (60,61), (84,85), (89,90), (3,26), (72,73), (41,42), (49,50), (29,30), (17,18), (90,91), (9,76), (74,75), (5,41), (59,60), (43,44), (68,69), (8,67), (12,13), (58,59), (18,21), (6,54), (4,36), (28,29), (93,94), (65,66), (85,86), (91,92), (11,88), (82,83), (86,87), (32,34), (7,58), (39,40), (79,80), (77,78),  time: 0.000 secs
k = 87 	 ENS = 2340.32 : (61,62), (15,16), (67,68), (26,27), (2,22), (30,31), (62,63), (46,47), (78,79), (18,19), (22,23), (37,38), (80,81), (52,53), (10,84), (36,37), (81,82), (70,71), (76,77), (47,48), (88,89), (38,39), (44,45), (48,49), (16,17), (18,20), (13,14), (92,93), (71,72), (63,64), (23,25), (54,55), (49,52), (34,35), (64,65), (42,43), (50,51), (56,57), (23,24), (1,12), (45,46), (31,32), (69,70), (14,15), (27,28), (32,33), (73,74), (55,56), (60,61), (84,85), (89,90), (3,26), (72,73), (41,42), (49,50), (29,30), (17,18), (90,91), (9,76), (74,75), (5,41), (59,60), (43,44), (68,69), (8,67), (12,13), (58,59), (18,21), (6,54), (4,36), (28,29), (93,94), (65,66), (85,86), (91,92), (11,88), (82,83), (86,87), (32,34), (7,58), (39,40), (79,80), (77,78),  time: 0.000 secs
k = 88 	 ENS = 2340.32 : (61,62), (15,16), (67,68), (26,27), (2,22), (30,31), (62,63), (46,47), (78,79), (18,19), (22,23), (37,38), (80,81), (52,53), (10,84), (36,37), (81,82), (70,71), (76,77), (47,48), (88,89), (38,39), (44,45), (48,49), (16,17), (18,20), (13,14), (92,93), (71,72), (63,64), (23,25), (54,55), (49,52), (34,35), (64,65), (42,43), (50,51), (56,57), (23,24), (1,12), (45,46), (31,32), (69,70), (14,15), (27,28), (32,33), (73,74), (55,56), (60,61), (84,85), (89,90), (3,26), (72,73), (41,42), (49,50), (29,30), (17,18), (90,91), (9,76), (74,75), (5,41), (59,60), (43,44), (68,69), (8,67), (12,13), (58,59), (18,21), (6,54), (4,36), (28,29), (93,94), (65,66), (85,86), (91,92), (11,88), (82,83), (86,87), (32,34), (7,58), (39,40), (79,80), (77,78),  time: 0.000 secs
k = 89 	 ENS = 2340.32 : (61,62), (15,16), (67,68), (26,27), (2,22), (30,31), (62,63), (46,47), (78,79), (18,19), (22,23), (37,38), (80,81), (52,53), (10,84), (36,37), (81,82), (70,71), (76,77), (47,48), (88,89), (38,39), (44,45), (48,49), (16,17), (18,20), (13,14), (92,93), (71,72), (63,64), (23,25), (54,55), (49,52), (34,35), (64,65), (42,43), (50,51), (56,57), (23,24), (1,12), (45,46), (31,32), (69,70), (14,15), (27,28), (32,33), (73,74), (55,56), (60,61), (84,85), (89,90), (3,26), (72,73), (41,42), (49,50), (29,30), (17,18), (90,91), (9,76), (74,75), (5,41), (59,60), (43,44), (68,69), (8,67), (12,13), (58,59), (18,21), (6,54), (4,36), (28,29), (93,94), (65,66), (85,86), (91,92), (11,88), (82,83), (86,87), (32,34), (7,58), (39,40), (79,80), (77,78),  time: 0.000 secs
k = 90 	 ENS = 2340.32 : (61,62), (15,16), (67,68), (26,27), (2,22), (30,31), (62,63), (46,47), (78,79), (18,19), (22,23), (37,38), (80,81), (52,53), (10,84), (36,37), (81,82), (70,71), (76,77), (47,48), (88,89), (38,39), (44,45), (48,49), (16,17), (18,20), (13,14), (92,93), (71,72), (63,64), (23,25), (54,55), (49,52), (34,35), (64,65), (42,43), (50,51), (56,57), (23,24), (1,12), (45,46), (31,32), (69,70), (14,15), (27,28), (32,33), (73,74), (55,56), (60,61), (84,85), (89,90), (3,26), (72,73), (41,42), (49,50), (29,30), (17,18), (90,91), (9,76), (74,75), (5,41), (59,60), (43,44), (68,69), (8,67), (12,13), (58,59), (18,21), (6,54), (4,36), (28,29), (93,94), (65,66), (85,86), (91,92), (11,88), (82,83), (86,87), (32,34), (7,58), (39,40), (79,80), (77,78),  time: 0.000 secs
k = 91 	 ENS = 2340.32 : (61,62), (15,16), (67,68), (26,27), (2,22), (30,31), (62,63), (46,47), (78,79), (18,19), (22,23), (37,38), (80,81), (52,53), (10,84), (36,37), (81,82), (70,71), (76,77), (47,48), (88,89), (38,39), (44,45), (48,49), (16,17), (18,20), (13,14), (92,93), (71,72), (63,64), (23,25), (54,55), (49,52), (34,35), (64,65), (42,43), (50,51), (56,57), (23,24), (1,12), (45,46), (31,32), (69,70), (14,15), (27,28), (32,33), (73,74), (55,56), (60,61), (84,85), (89,90), (3,26), (72,73), (41,42), (49,50), (29,30), (17,18), (90,91), (9,76), (74,75), (5,41), (59,60), (43,44), (68,69), (8,67), (12,13), (58,59), (18,21), (6,54), (4,36), (28,29), (93,94), (65,66), (85,86), (91,92), (11,88), (82,83), (86,87), (32,34), (7,58), (39,40), (79,80), (77,78),  time: 0.000 secs
k = 92 	 ENS = 2340.32 : (61,62), (15,16), (67,68), (26,27), (2,22), (30,31), (62,63), (46,47), (78,79), (18,19), (22,23), (37,38), (80,81), (52,53), (10,84), (36,37), (81,82), (70,71), (76,77), (47,48), (88,89), (38,39), (44,45), (48,49), (16,17), (18,20), (13,14), (92,93), (71,72), (63,64), (23,25), (54,55), (49,52), (34,35), (64,65), (42,43), (50,51), (56,57), (23,24), (1,12), (45,46), (31,32), (69,70), (14,15), (27,28), (32,33), (73,74), (55,56), (60,61), (84,85), (89,90), (3,26), (72,73), (41,42), (49,50), (29,30), (17,18), (90,91), (9,76), (74,75), (5,41), (59,60), (43,44), (68,69), (8,67), (12,13), (58,59), (18,21), (6,54), (4,36), (28,29), (93,94), (65,66), (85,86), (91,92), (11,88), (82,83), (86,87), (32,34), (7,58), (39,40), (79,80), (77,78),  time: 0.000 secs
k = 93 	 ENS = 2340.32 : (61,62), (15,16), (67,68), (26,27), (2,22), (30,31), (62,63), (46,47), (78,79), (18,19), (22,23), (37,38), (80,81), (52,53), (10,84), (36,37), (81,82), (70,71), (76,77), (47,48), (88,89), (38,39), (44,45), (48,49), (16,17), (18,20), (13,14), (92,93), (71,72), (63,64), (23,25), (54,55), (49,52), (34,35), (64,65), (42,43), (50,51), (56,57), (23,24), (1,12), (45,46), (31,32), (69,70), (14,15), (27,28), (32,33), (73,74), (55,56), (60,61), (84,85), (89,90), (3,26), (72,73), (41,42), (49,50), (29,30), (17,18), (90,91), (9,76), (74,75), (5,41), (59,60), (43,44), (68,69), (8,67), (12,13), (58,59), (18,21), (6,54), (4,36), (28,29), (93,94), (65,66), (85,86), (91,92), (11,88), (82,83), (86,87), (32,34), (7,58), (39,40), (79,80), (77,78),  time: 0.000 secs
k = 94 	 ENS = 2340.32 : (61,62), (15,16), (67,68), (26,27), (2,22), (30,31), (62,63), (46,47), (78,79), (18,19), (22,23), (37,38), (80,81), (52,53), (10,84), (36,37), (81,82), (70,71), (76,77), (47,48), (88,89), (38,39), (44,45), (48,49), (16,17), (18,20), (13,14), (92,93), (71,72), (63,64), (23,25), (54,55), (49,52), (34,35), (64,65), (42,43), (50,51), (56,57), (23,24), (1,12), (45,46), (31,32), (69,70), (14,15), (27,28), (32,33), (73,74), (55,56), (60,61), (84,85), (89,90), (3,26), (72,73), (41,42), (49,50), (29,30), (17,18), (90,91), (9,76), (74,75), (5,41), (59,60), (43,44), (68,69), (8,67), (12,13), (58,59), (18,21), (6,54), (4,36), (28,29), (93,94), (65,66), (85,86), (91,92), (11,88), (82,83), (86,87), (32,34), (7,58), (39,40), (79,80), (77,78),  time: 0.000 secs
Total time: 20.708 secs