k = 0 	 ENS = 14110.97 :  time: 0.000 secs
k = 1 	 ENS = 12149.29 : (107,108),  time: 0.004 secs
k = 2 	 ENS = 11096.74 : (107,108), (41,42),  time: 0.002 secs
k = 3 	 ENS = 10156.01 : (107,108), (41,42), (102,103),  time: 0.002 secs
k = 4 	 ENS = 9629.24 : (107,108), (53,57), (41,42), (102,103),  time: 0.004 secs
k = 5 	 ENS = 9156.78 : (107,108), (53,57), (41,42), (90,91), (102,103),  time: 0.005 secs
k = 6 	 ENS = 8791.59 : (107,108), (53,57), (41,42), (90,91), (71,72), (102,103),  time: 0.008 secs
k = 7 	 ENS = 8428.62 : (107,108), (53,57), (41,42), (90,91), (71,72), (102,103), (142,9),  time: 0.009 secs
k = 8 	 ENS = 8066.10 : (53,57), (111,112), (41,42), (90,91), (71,72), (102,103), (142,9), (108,109),  time: 0.009 secs
k = 9 	 ENS = 7751.59 : (53,57), (111,112), (41,42), (90,91), (71,72), (28,29), (102,103), (142,9), (108,109),  time: 0.012 secs
k = 10 	 ENS = 7468.47 : (53,57), (111,112), (41,42), (90,91), (71,72), (28,29), (102,103), (44,45), (142,9), (108,109),  time: 0.015 secs
k = 11 	 ENS = 7237.11 : (53,57), (111,112), (41,42), (90,91), (71,72), (28,29), (102,103), (105,119), (44,45), (142,9), (108,109),  time: 0.015 secs
k = 12 	 ENS = 7025.91 : (53,57), (111,112), (41,42), (90,91), (71,72), (28,29), (102,103), (105,119), (44,45), (142,9), (108,109), (133,134),  time: 0.017 secs
k = 13 	 ENS = 6815.29 : (53,57), (111,112), (41,42), (90,91), (71,72), (28,29), (102,103), (105,119), (44,45), (142,9), (108,109), (74,75), (133,134),  time: 0.021 secs
k = 14 	 ENS = 6614.50 : (53,57), (111,112), (41,42), (90,91), (71,72), (28,29), (102,103), (105,119), (21,22), (44,45), (142,9), (108,109), (74,75), (133,134),  time: 0.026 secs
k = 15 	 ENS = 6418.37 : (53,57), (111,112), (41,42), (90,91), (71,72), (28,29), (102,103), (80,81), (105,119), (21,22), (44,45), (142,9), (108,109), (74,75), (133,134),  time: 0.025 secs
k = 16 	 ENS = 6224.88 : (53,57), (111,112), (41,42), (90,91), (71,72), (28,29), (102,103), (80,81), (105,119), (49,50), (21,22), (44,45), (142,9), (108,109), (74,75), (133,134),  time: 0.026 secs
k = 17 	 ENS = 6039.19 : (53,57), (111,112), (41,42), (90,91), (71,72), (28,29), (102,103), (11,13), (80,81), (105,119), (49,50), (21,22), (44,45), (142,9), (108,109), (74,75), (133,134),  time: 0.028 secs
k = 18 	 ENS = 5893.08 : (53,57), (111,112), (41,42), (90,91), (71,72), (28,29), (102,103), (9,10), (11,13), (80,81), (105,119), (49,50), (21,22), (44,45), (108,109), (74,75), (133,134), (9,11),  time: 0.040 secs
k = 19 	 ENS = 5755.29 : (53,57), (111,112), (41,42), (90,91), (71,72), (124,125), (28,29), (102,103), (9,10), (11,13), (80,81), (105,119), (49,50), (21,22), (44,45), (108,109), (74,75), (133,134), (9,11),  time: 0.051 secs
k = 20 	 ENS = 5618.02 : (53,57), (111,112), (41,42), (90,91), (71,72), (124,125), (28,29), (102,103), (9,10), (11,13), (80,81), (105,119), (49,50), (21,22), (126,127), (44,45), (108,109), (74,75), (133,134), (9,11),  time: 0.056 secs
k = 21 	 ENS = 5488.09 : (53,57), (111,112), (11,14), (41,42), (90,91), (71,72), (124,125), (28,29), (102,103), (9,10), (11,13), (80,81), (105,119), (11,12), (49,50), (21,22), (126,127), (44,45), (108,109), (74,75), (133,134),  time: 0.061 secs
k = 22 	 ENS = 5371.94 : (53,57), (111,112), (11,14), (41,42), (90,91), (71,72), (124,125), (28,29), (102,103), (9,10), (106,107), (11,13), (80,81), (105,119), (11,12), (49,50), (21,22), (126,127), (44,45), (108,109), (74,75), (133,134),  time: 0.079 secs
k = 23 	 ENS = 5257.79 : (53,57), (111,112), (11,14), (41,42), (90,91), (71,72), (124,125), (28,29), (102,103), (9,10), (106,107), (11,13), (80,81), (69,70), (105,119), (11,12), (49,50), (21,22), (126,127), (44,45), (108,109), (74,75), (133,134),  time: 0.128 secs
k = 24 	 ENS = 5144.36 : (53,57), (111,112), (11,14), (41,42), (90,91), (71,72), (124,125), (29,30), (102,103), (9,10), (106,107), (11,13), (29,32), (80,81), (69,70), (105,119), (11,12), (49,50), (21,22), (126,127), (44,45), (108,109), (74,75), (133,134),  time: 0.139 secs
k = 25 	 ENS = 5056.61 : (53,57), (111,112), (11,14), (41,42), (90,91), (71,72), (87,89), (124,125), (29,30), (102,103), (9,10), (106,107), (11,13), (29,32), (80,81), (69,70), (105,119), (11,12), (49,50), (21,22), (126,127), (44,45), (108,109), (74,75), (133,134),  time: 0.248 secs
k = 26 	 ENS = 4970.93 : (53,57), (111,112), (11,14), (41,42), (23,24), (90,91), (71,72), (87,89), (124,125), (29,30), (102,103), (9,10), (106,107), (11,13), (29,32), (80,81), (69,70), (105,119), (11,12), (49,50), (21,22), (126,127), (44,45), (108,109), (74,75), (133,134),  time: 0.312 secs
k = 27 	 ENS = 4885.95 : (53,57), (111,112), (11,14), (32,36), (41,42), (23,24), (90,91), (71,72), (87,89), (32,33), (124,125), (29,30), (102,103), (9,10), (106,107), (11,13), (80,81), (69,70), (105,119), (11,12), (49,50), (21,22), (126,127), (44,45), (108,109), (74,75), (133,134),  time: 0.422 secs
k = 28 	 ENS = 4801.43 : (53,57), (111,112), (11,14), (32,36), (41,42), (23,24), (90,91), (71,72), (87,89), (32,33), (124,125), (109,115), (29,30), (102,103), (9,10), (106,107), (11,13), (80,81), (69,70), (105,119), (11,12), (49,50), (21,22), (126,127), (44,45), (109,110), (74,75), (133,134),  time: 0.489 secs
k = 29 	 ENS = 4729.23 : (53,57), (111,112), (11,14), (32,36), (41,42), (23,24), (90,91), (71,72), (87,89), (32,33), (124,125), (109,115), (29,30), (102,103), (9,10), (82,83), (106,107), (11,13), (80,81), (69,70), (105,119), (11,12), (49,50), (21,22), (126,127), (44,45), (109,110), (74,75), (133,134),  time: 0.683 secs
k = 30 	 ENS = 4669.72 : (53,57), (111,112), (11,14), (32,36), (41,42), (23,24), (90,91), (71,72), (87,89), (32,33), (124,125), (109,115), (29,30), (102,103), (9,10), (82,83), (106,107), (11,13), (84,85), (80,81), (69,70), (105,119), (11,12), (49,50), (21,22), (126,127), (44,45), (109,110), (74,75), (133,134),  time: 1.327 secs
k = 31 	 ENS = 4613.05 : (53,57), (111,112), (11,14), (32,36), (41,42), (23,24), (90,91), (71,72), (87,89), (32,33), (124,125), (47,48), (109,115), (29,30), (102,103), (9,10), (82,83), (106,107), (11,13), (84,85), (80,81), (69,70), (105,119), (11,12), (49,50), (21,22), (126,127), (44,45), (109,110), (74,75), (133,134),  time: 2.914 secs
k = 32 	 ENS = 4558.26 : (53,57), (111,112), (11,14), (32,36), (41,42), (23,24), (90,91), (71,72), (87,89), (32,33), (124,125), (47,48), (109,115), (29,30), (102,103), (9,10), (82,83), (106,107), (11,13), (84,85), (80,81), (69,70), (105,119), (11,12), (49,50), (21,22), (126,127), (44,45), (109,110), (65,66), (74,75), (133,134),  time: 5.497 secs
k = 33 	 ENS = 4504.61 : (53,57), (111,112), (11,14), (32,36), (41,42), (23,24), (90,91), (71,72), (87,89), (32,33), (124,125), (47,48), (109,115), (29,30), (102,103), (9,10), (82,83), (106,107), (11,13), (84,85), (80,81), (69,70), (105,119), (11,12), (49,50), (21,22), (126,127), (44,45), (109,110), (108,109), (65,66), (74,75), (133,134),  time: 12.742 secs
k = 34 	 ENS = 4452.04 : (53,57), (111,112), (32,36), (41,42), (23,24), (90,91), (71,72), (87,89), (32,33), (124,125), (47,48), (109,115), (29,30), (102,103), (9,10), (82,83), (106,107), (11,13), (84,85), (80,81), (69,70), (105,119), (11,12), (49,50), (21,22), (126,127), (44,45), (14,16), (109,110), (108,109), (65,66), (74,75), (133,134), (14,15),  time: 23.622 secs
k = 35 	 ENS = 4407.43 : (53,57), (111,112), (32,36), (41,42), (23,24), (90,91), (71,72), (87,89), (32,33), (124,125), (47,48), (109,115), (29,30), (102,103), (9,10), (82,83), (106,107), (11,13), (84,85), (80,81), (69,70), (105,119), (11,12), (49,50), (21,22), (126,127), (44,45), (14,16), (126,128), (109,110), (108,109), (65,66), (74,75), (133,134), (14,15),  time: 52.309 secs
k = 36 	 ENS = 4365.06 : (53,57), (111,112), (32,36), (41,42), (23,24), (90,91), (71,72), (87,89), (32,33), (124,125), (109,115), (29,30), (102,103), (9,10), (82,83), (106,107), (11,13), (84,85), (80,81), (69,70), (105,119), (11,12), (49,50), (21,22), (126,127), (44,45), (14,16), (126,128), (48,63), (109,110), (108,109), (48,49), (65,66), (74,75), (133,134), (14,15),  time: 110.612 secs
k = 37 	 ENS = 4326.83 : (53,57), (111,112), (32,36), (41,42), (23,24), (90,91), (71,72), (87,89), (32,33), (124,125), (109,115), (29,30), (102,103), (9,10), (82,83), (106,107), (11,13), (84,85), (80,81), (69,70), (105,119), (11,12), (49,50), (21,22), (126,127), (44,45), (14,16), (126,128), (141,142), (48,63), (109,110), (108,109), (48,49), (65,66), (74,75), (133,134), (14,15),  time: 207.181 secs
k = 38 	 ENS = 4293.09 : (53,57), (111,112), (32,36), (41,42), (23,24), (90,91), (71,72), (87,89), (32,33), (124,125), (109,115), (29,30), (142,143), (102,103), (9,10), (82,83), (106,107), (11,13), (84,85), (80,81), (69,70), (105,119), (11,12), (49,50), (21,22), (126,127), (44,45), (142,9), (14,16), (126,128), (48,63), (109,110), (108,109), (48,49), (65,66), (74,75), (133,134), (14,15),  time: 443.054 secs
k = 39 	 ENS = 4260.94 : (53,57), (111,112), (32,36), (41,42), (134,135), (23,24), (90,91), (71,72), (87,89), (32,33), (124,125), (109,115), (29,30), (142,143), (102,103), (9,10), (82,83), (106,107), (11,13), (84,85), (80,81), (69,70), (105,119), (11,12), (49,50), (21,22), (126,127), (44,45), (142,9), (14,16), (126,128), (48,63), (109,110), (108,109), (48,49), (65,66), (74,75), (133,134), (14,15),  time: 768.054 secs
k = 40 	 ENS = 4231.51 : (53,57), (111,112), (32,36), (41,42), (134,135), (23,24), (90,91), (71,72), (60,61), (87,89), (32,33), (124,125), (109,115), (29,30), (142,143), (102,103), (9,10), (82,83), (106,107), (11,13), (84,85), (80,81), (69,70), (105,119), (11,12), (49,50), (21,22), (126,127), (44,45), (142,9), (14,16), (126,128), (48,63), (109,110), (108,109), (48,49), (65,66), (74,75), (133,134), (14,15),  time: 1390.416 secs
Total time: 6041.326 secs