k = 0 	 ENS = 6932.57 :  time: 0.001 secs
k = 1 	 ENS = 6325.95 : (90,91),  time: 0.008 secs
k = 2 	 ENS = 5864.04 : (25,28), (90,91),  time: 0.004 secs
k = 3 	 ENS = 5404.43 : (25,28), (187,190), (90,91),  time: 0.004 secs
k = 4 	 ENS = 4947.98 : (16,11), (25,28), (187,190), (90,91),  time: 0.004 secs
k = 5 	 ENS = 4640.53 : (74,72), (16,11), (25,28), (187,190), (90,91),  time: 0.007 secs
k = 6 	 ENS = 4353.60 : (74,72), (16,11), (25,28), (187,190), (147,148), (90,91),  time: 0.012 secs
k = 7 	 ENS = 4075.70 : (74,72), (16,11), (25,28), (88,99), (187,190), (147,148), (90,91),  time: 0.010 secs
k = 8 	 ENS = 3839.55 : (74,72), (63,65), (16,11), (25,28), (88,99), (187,190), (147,148), (90,91),  time: 0.013 secs
k = 9 	 ENS = 3611.17 : (74,72), (63,65), (16,11), (26,40), (25,28), (88,99), (187,190), (147,148), (90,91),  time: 0.024 secs
k = 10 	 ENS = 3388.69 : (74,72), (63,65), (16,11), (26,40), (25,28), (78,76), (88,99), (187,190), (147,148), (90,91),  time: 0.034 secs
k = 11 	 ENS = 3213.89 : (74,72), (79,83), (63,65), (16,11), (26,40), (25,28), (78,76), (88,99), (187,190), (147,148), (90,91),  time: 0.022 secs
k = 12 	 ENS = 3055.73 : (74,72), (79,83), (63,65), (16,11), (26,40), (25,28), (78,76), (88,99), (187,190), (147,148), (70,71), (90,91),  time: 0.028 secs
k = 13 	 ENS = 2921.73 : (74,72), (79,83), (63,65), (16,11), (193,195), (26,40), (25,28), (78,76), (169,171), (88,99), (147,148), (70,71), (90,91),  time: 0.041 secs
k = 14 	 ENS = 2820.67 : (74,72), (79,83), (158,159), (63,65), (16,11), (193,195), (26,40), (25,28), (78,76), (169,171), (88,99), (147,148), (70,71), (90,91),  time: 0.282 secs
k = 15 	 ENS = 2730.54 : (27,26), (74,72), (79,83), (158,159), (63,65), (16,11), (193,195), (25,28), (78,76), (169,171), (88,99), (54,55), (147,148), (70,71), (90,91),  time: 0.447 secs
k = 16 	 ENS = 2640.63 : (27,26), (74,72), (79,83), (158,159), (63,65), (16,11), (193,195), (25,28), (78,76), (88,99), (54,55), (147,148), (171,172), (70,71), (174,176), (90,91),  time: 0.482 secs
k = 17 	 ENS = 2552.11 : (27,26), (74,72), (79,83), (158,159), (63,65), (16,11), (193,195), (25,28), (175,177), (78,76), (88,99), (54,55), (147,148), (171,172), (70,71), (180,182), (90,91),  time: 0.576 secs
k = 18 	 ENS = 2468.27 : (27,26), (74,72), (79,83), (158,159), (165,170), (63,65), (16,11), (193,195), (25,28), (175,177), (78,76), (88,99), (54,55), (147,148), (171,172), (70,71), (180,182), (90,91),  time: 0.668 secs
k = 19 	 ENS = 2391.79 : (74,72), (79,83), (158,159), (165,170), (63,65), (16,11), (182,181), (25,27), (25,28), (175,177), (78,76), (88,99), (187,190), (54,55), (147,148), (171,172), (70,71), (90,91), (195,196),  time: 0.797 secs
k = 20 	 ENS = 2328.35 : (27,26), (74,72), (79,83), (158,159), (165,170), (63,65), (16,11), (182,181), (25,28), (175,177), (78,76), (88,99), (187,190), (54,55), (147,148), (42,45), (171,172), (70,71), (90,91), (195,196),  time: 1.406 secs
k = 21 	 ENS = 2266.18 : (74,72), (79,83), (158,159), (165,170), (63,65), (16,11), (182,181), (25,27), (25,28), (175,177), (78,76), (88,99), (187,190), (54,55), (182,183), (147,148), (42,45), (171,172), (70,71), (90,91), (195,196),  time: 2.042 secs
k = 22 	 ENS = 2205.00 : (27,26), (74,72), (79,83), (158,159), (165,170), (63,65), (16,11), (182,181), (121,122), (25,28), (175,177), (78,76), (88,99), (187,190), (54,55), (182,183), (147,148), (42,45), (171,172), (70,71), (90,91), (195,196),  time: 2.357 secs
k = 23 	 ENS = 2146.64 : (27,26), (74,72), (79,83), (158,159), (165,170), (63,65), (16,11), (182,181), (121,122), (104,103), (25,28), (175,177), (78,76), (88,99), (187,190), (54,55), (182,183), (147,148), (42,45), (171,172), (70,71), (90,91), (195,196),  time: 2.302 secs
k = 24 	 ENS = 2089.25 : (27,26), (74,72), (79,83), (158,159), (165,170), (63,65), (16,11), (182,181), (121,122), (104,103), (25,28), (15,12), (175,177), (78,76), (88,99), (187,190), (54,55), (182,183), (147,148), (42,45), (171,172), (70,71), (90,91), (195,196),  time: 2.539 secs
k = 25 	 ENS = 2038.52 : (27,26), (74,72), (79,83), (158,159), (165,170), (63,65), (16,11), (182,181), (121,122), (104,103), (25,28), (15,12), (175,177), (78,76), (88,99), (187,190), (152,157), (54,55), (182,183), (147,148), (42,45), (171,172), (70,71), (90,91), (195,196),  time: 3.459 secs
k = 26 	 ENS = 1997.66 : (27,26), (74,72), (79,83), (158,159), (165,170), (63,65), (16,11), (182,181), (113,118), (121,122), (104,103), (25,28), (15,12), (175,177), (78,76), (88,99), (187,190), (152,157), (54,55), (182,183), (147,148), (42,45), (171,172), (70,71), (90,91), (195,196),  time: 6.017 secs
k = 27 	 ENS = 1959.61 : (27,26), (74,72), (79,83), (158,159), (165,170), (63,65), (16,11), (182,181), (113,118), (121,122), (104,103), (25,28), (15,12), (175,177), (78,76), (88,99), (187,190), (152,157), (54,55), (182,183), (147,148), (140,144), (42,45), (171,172), (70,71), (90,91), (195,196),  time: 7.524 secs
k = 28 	 ENS = 1925.50 : (27,26), (74,72), (79,83), (158,159), (165,170), (63,65), (16,11), (182,181), (113,118), (121,122), (104,103), (25,28), (15,12), (175,177), (78,76), (88,99), (187,190), (152,157), (193,194), (54,55), (182,183), (147,148), (140,144), (42,45), (171,172), (70,71), (90,91), (195,196),  time: 15.465 secs
k = 29 	 ENS = 1894.89 : (74,72), (79,83), (158,159), (165,170), (63,65), (16,11), (182,181), (113,118), (25,27), (104,103), (25,28), (124,125), (15,12), (123,126), (175,177), (78,76), (88,99), (187,190), (152,157), (193,194), (54,55), (182,183), (147,148), (140,144), (42,45), (171,172), (70,71), (90,91), (195,196),  time: 33.475 secs
k = 30 	 ENS = 1868.14 : (74,72), (79,83), (158,159), (165,170), (63,65), (16,11), (182,181), (113,118), (25,27), (104,103), (25,28), (124,125), (15,12), (123,126), (175,177), (78,76), (88,99), (187,190), (152,157), (193,194), (190,189), (54,55), (182,183), (147,148), (140,144), (42,45), (171,172), (70,71), (90,91), (195,196),  time: 96.257 secs
k = 31 	 ENS = 1843.27 : (74,72), (79,83), (158,159), (165,170), (63,65), (16,11), (182,181), (113,118), (25,27), (104,103), (25,28), (124,125), (15,12), (123,126), (175,177), (190,193), (188,191), (78,76), (88,99), (152,157), (193,194), (190,189), (54,55), (182,183), (147,148), (140,144), (42,45), (171,172), (70,71), (90,91), (195,196),  time: 205.698 secs
k = 32 	 ENS = 1817.08 : (74,72), (79,83), (158,159), (165,170), (63,65), (16,11), (182,181), (193,195), (171,173), (113,118), (25,27), (104,103), (25,28), (124,125), (15,12), (123,126), (175,177), (200,201), (188,191), (78,76), (88,99), (152,157), (193,194), (190,189), (54,55), (182,183), (147,148), (140,144), (42,45), (171,172), (70,71), (90,91),  time: 453.364 secs
k = 33 	 ENS = 1793.97 : (74,72), (79,83), (158,159), (165,170), (63,65), (16,11), (182,181), (193,195), (171,173), (113,118), (25,27), (104,103), (25,28), (124,125), (15,12), (123,126), (175,177), (200,201), (188,191), (78,76), (88,99), (79,81), (152,157), (193,194), (190,189), (54,55), (182,183), (147,148), (140,144), (42,45), (171,172), (70,71), (90,91),  time: 982.565 secs
Total time: 3635.866 secs