k = 0 	 ENS = 1518308.94 :  time: 0.001 secs
k = 1 	 ENS = 1318995.66 : (635,636),  time: 0.085 secs
k = 2 	 ENS = 1252301.87 : (278,279), (635,636),  time: 0.074 secs
k = 3 	 ENS = 1192566.32 : (640,641), (278,279), (635,636),  time: 0.087 secs
k = 4 	 ENS = 1132075.32 : (640,641), (628,629), (278,279), (638,653),  time: 0.111 secs
k = 5 	 ENS = 1079841.46 : (640,641), (477,478), (628,629), (278,279), (638,653),  time: 0.136 secs
k = 6 	 ENS = 1030623.86 : (640,641), (477,478), (628,629), (405,406), (278,279), (638,653),  time: 0.165 secs
k = 7 	 ENS = 983974.12 : (640,641), (477,478), (628,629), (405,406), (361,362), (278,279), (638,653),  time: 0.346 secs
k = 8 	 ENS = 937996.28 : (640,641), (477,478), (628,629), (405,406), (361,362), (278,279), (472,553), (638,653),  time: 0.693 secs
k = 9 	 ENS = 899061.36 : (640,641), (477,478), (628,629), (206,207), (405,406), (361,362), (278,279), (472,553), (638,653),  time: 1.564 secs
k = 10 	 ENS = 868343.89 : (640,641), (477,478), (628,629), (206,207), (405,406), (361,362), (278,279), (476,591), (472,553), (638,653),  time: 20.950 secs
k = 11 	 ENS = 841941.66 : (640,641), (477,478), (628,629), (128,129), (206,207), (405,406), (361,362), (278,279), (476,591), (472,553), (638,653),  time: 144.973 secs
k = 12 	 ENS = 816958.34 : (640,641), (477,478), (628,629), (128,129), (206,207), (405,406), (361,362), (278,279), (476,591), (637,652), (472,553), (638,653),  time: 380.064 secs
k = 13 	 ENS = 793104.11 : (640,641), (102,184), (477,478), (628,629), (128,129), (206,207), (405,406), (361,362), (278,279), (476,591), (637,652), (472,553), (638,653),  time: 1012.394 secs
k = 14 	 ENS = 772325.22 : (640,641), (102,184), (477,478), (128,129), (206,207), (405,406), (361,362), (278,279), (476,591), (637,652), (472,553), (636,651), (626,627), (638,653),  time: 3600.000 secs
Total time: 10323.288 secs